0.36606875746566353
0.37438734595375717
0.37438734595375717
0.3980556243324431
0.4299442296309662
0.44713875402473374
0.45637082971291404
0.45283723095339123
0.45536704853791066
0.4147555059285552
0.4141005934273588
0.4145031815081318
0.4147356975620688
0.4080558830994679
0.4084594316863825
0.40883001340244973
0.4094956985192659
0.4089984382225553
0.4089984382225553
0.4089984382225553
0.47287017663189634
0.47730987981123635
0.4766725579515679
0.4786376991897208
0.4759412666739358
0.4759412666739358
0.4759412666739358
0.4871408487325479
0.48808390807693497
0.48808390807693497
0.4314003487954647
0.4332943019330324
0.4285787255288679
0.42858245596876704
0.428589527853076
0.43032650349152396
0.4292307777350619
0.42791132034959406
0.42910099240619887
0.42910099240619887
