0.4128129403759605
0.4128129403759605
0.415814307081353
0.4441306915740373
0.4445448810050058
0.4443743316039058
0.42211677959225175
0.42211677959225175
0.4324804667998654
0.4305520910607453
0.4510327504865826
0.44990510022514546
0.44990510022514546
0.45932845484076673
0.42633764286884757
0.4327411922277247
0.4405195077434027
0.4405195077434027
0.45253224993029245
0.42455879625299103
0.4250445324198934
0.4370994165727524
0.45524252540402926
0.45368477213794856
0.4591911051553178
0.46260326832928383
0.442061626994243
0.47219387623519604
0.47597753783302366
0.48044302204200656
0.48044302204200656
0.48044302204200656
0.46528303927146397
0.4723072145913235
0.4751870583418233
0.48477142477634366
0.46285922371077715
0.44499410263599865
0.4565614509047897
0.4565614509047897
0.4784579394763757
0.4648100045664551
0.4670759432116459
0.4670759432116459
0.4729520448173873
0.4729520448173873
0.4613907822370838
0.4635293660794912
0.47091741981820173
0.43973434868292965
0.43973434868292965
0.43135150423627366
0.43135150423627366
0.42912093144784763
0.4266231611973138
0.4386438354613744
0.4386438354613744
0.44307796571764846
0.44443079214277664
0.4435826033068113
0.4435826033068113
0.4435826033068113
0.46444166424076117
0.46444166424076117
0.46444166424076117
0.46318013124101487
0.46318013124101487
0.452947922617372
0.5060838244030059
0.5468690313350606
0.5384013591603509
0.5640080829198912
0.5618962605587474
0.5619749309208881
0.5639338162988526
0.5113943332266397
0.5113943332266397
0.5113943332266397
0.5113943332266397
0.5113943332266397
0.5113943332266397
0.4838160305580735
0.4838160305580735
0.44306346935451607
0.4719777889547691
0.5009978211564952
0.4941149951414296
0.4941149951414296
0.45416348627247605
0.4474309573401907
0.4472690527281342
0.4609258335617739
0.4666136351517598
0.4666136351517598
0.45906598300752954
0.45906598300752954
0.5562772356388354
0.5554374352942842
0.5488109400241303
0.5809107566435777
0.5852487742707915
0.5852487742707915
0.645844062180768
0.645844062180768
0.645844062180768
0.6511140397928152
0.6511140397928152
0.6830871675240259
0.6830871675240259
0.6860825694921936
0.6575162498401107
0.6575162498401107
0.6448178048316592
0.6437669423627916
0.6735676644671812
0.674244536315673
0.674244536315673
0.674244536315673
0.6280133847683722
0.6280133847683722
0.6280133847683722
0.6280133847683722
0.6280133847683722
0.6280133847683722
0.6304866913838848
0.6305386375374971
0.6606849474879237
0.6658639991966107
0.6658639991966107
0.6642659741110356
0.6644652389304143
0.6644652389304143
0.6644652389304143
0.6653606889585505
0.6664544439648971
0.6664544439648971
0.6664544439648971
0.6707406458087559
0.6717934428986562
0.6717934428986562
0.6721190151880971
0.6787181091169688
0.6796245127077208
0.6809939805289638
0.6831352328839732
0.6831352328839732
0.6829379848814137
0.6829379848814137
0.6818329157821151
0.6803187203415617
0.6805284808311828
0.6805284808311828
0.6805284808311828
0.6805284808311828
0.6805284808311828
0.681290886596889
0.681290886596889
0.6819258507843944
0.6819258507843944
0.6819258507843944
0.6828546811873188
0.6830603520349955
0.6830603520349955
0.6750557624594832
0.6750557624594832
0.6752433754650072
0.6752433754650072
0.6752433754650072
0.6752433754650072
0.6752433754650072
0.6752433754650072
0.6824612365875122
0.6827371622756341
0.6827371622756341
0.6830336784144524
0.6830336784144524
0.6830336784144524
0.6836137743779274
0.6836137743779274
0.683966622256117
0.683966622256117
0.683966622256117
0.683966622256117
0.683966622256117
0.683966622256117
0.6849032754083225
0.6849032754083225
0.6849032754083225
0.6851073655771278
0.6407803179990902
0.6442232332499612
0.643640021163427
0.6561452932077511
0.6344297721175882
0.6344297721175882
0.6372774912973355
0.6372774912973355
0.6372774912973355
0.639848708777841
0.6268043699391583
0.6268043699391583
0.627771775290811
0.6332574482881421
0.6547170111509047
0.6728987570528829
0.6662092022775052
0.7048788000940531
0.7048788000940531
0.7048788000940531
0.7134181049166842
0.7134181049166842
0.7134181049166842
0.7134181049166842
0.7183568380793182
0.7183568380793182
0.7183568380793182
0.7183568380793182
0.7209184955468874
0.7199093331435455
0.6961304938585741
0.6961304938585741
0.6961304938585741
0.6961304938585741
0.6961304938585741
0.6961304938585741
0.6961304938585741
0.6961304938585741
0.6961304938585741
0.6961304938585741
0.6961304938585741
0.7129447157377414
0.7198448942688459
0.7198448942688459
0.7287905903629202
0.7275544478897518
0.7275544478897518
0.7275544478897518
0.7313886976076337
0.7350597807630599
0.7350597807630599
0.7350597807630599
0.7350597807630599
0.7358708490804238
0.7358708490804238
0.7509692895264881
0.7518454616331116
0.7997199231299481
0.7997199231299481
0.815689517414544
0.815689517414544
0.8197435841062598
0.8197435841062598
0.8197435841062598
0.8197435841062598
0.8197435841062598
0.8290988468560172
0.8290988468560172
0.8290988468560172
0.8290988468560172
0.8290988468560172
0.8290988468560172
0.8290988468560172
0.8290988468560172
0.8404265066284922
0.8417876088147688
0.8417876088147688
0.8417876088147688
0.8417876088147688
0.8417876088147688
0.8417876088147688
0.8425349418725372
0.8425349418725372
0.8425349418725372
0.8425349418725372
0.8425349418725372
0.8425894650848269
0.8425894650848269
0.8425894650848269
0.8425894650848269
0.8425894650848269
0.8425894650848269
0.8425894650848269
0.8425894650848269
0.8425894650848269
0.8425894650848269
0.8425894650848269
0.8425894650848269
0.8425894650848269
0.8425894650848269
0.8425894650848269
0.8425894650848269
0.8425894650848269
0.8425894650848269
0.8425894650848269
0.8425894650848269
0.8425894650848269
0.8425894650848269
0.8425894650848269
0.8425894650848269
0.8425894650848269
0.8425894650848269
0.8425894650848269
0.8425894650848269
0.8425894650848269
0.8425894650848269
0.8440481224384014
0.8440481224384014
0.8440481224384014
0.8443499244541428
0.8443499244541428
0.8443499244541428
0.8443499244541428
0.8443499244541428
0.8443499244541428
0.8443499244541428
0.8555676488616367
0.8555676488616367
0.8555676488616367
0.8572064625848469
0.8572064625848469
0.8572064625848469
0.8572064625848469
0.862536124486876
0.862536124486876
0.862536124486876
0.862536124486876
0.862536124486876
0.862536124486876
0.862536124486876
0.862536124486876
0.862536124486876
0.862536124486876
0.862536124486876
0.862536124486876
0.862536124486876
0.862536124486876
0.862536124486876
0.862536124486876
0.862536124486876
0.862536124486876
0.862536124486876
0.862536124486876
0.862536124486876
0.862536124486876
0.862536124486876
0.862536124486876
0.8625560516518104
0.8625560516518104
0.8625560516518104
0.8625560516518104
0.8625560516518104
0.8625560516518104
0.8625560516518104
0.8611735992864997
0.8611856971335267
0.8611856971335267
0.8611856971335267
0.8614361345473037
0.8614361345473037
0.8614361345473037
0.8614361345473037
0.8614361345473037
0.8614361345473037
0.8614361345473037
0.8614361345473037
0.8614361345473037
0.8614361345473037
0.8614361345473037
0.7996567032376783
0.8008577791973841
0.8610750469862276
0.8610750469862276
0.8610750469862276
0.8610750469862276
0.8610750469862276
0.8610750469862276
0.8610750469862276
0.8610750469862276
0.8618690329269102
0.8618690329269102
0.8618690329269102
0.8618690329269102
0.8618690329269102
0.8618690329269102
0.8618690329269102
0.8621815161513774
0.8621815161513774
0.8621815161513774
0.8621815161513774
0.8621815161513774
0.862243934885299
0.862243934885299
0.862243934885299
0.8624421077080385
0.8624421077080385
0.8624421077080385
0.8624421077080385
0.8624502650137779
0.8624502650137779
0.8624502650137779
0.8624502650137779
0.8624502650137779
0.8624502650137779
0.8624502650137779
0.8624502650137779
0.8624502650137779
0.8624502650137779
0.8629416951885986
0.8629416951885986
0.8629416951885986
0.8629416951885986
0.8629416951885986
0.8629416951885986
0.8629416951885986
0.8629416951885986
0.8629416951885986
0.8629416951885986
0.8266890654518628
0.8266890654518628
0.8266890654518628
0.8266890654518628
0.8272567272957229
0.8272567272957229
0.8272567272957229
0.8272567272957229
0.8272567272957229
0.8345244425125529
0.8345244425125529
0.8438431472714149
0.8438431472714149
0.8438431472714149
0.8438431472714149
0.8438431472714149
0.8438431472714149
0.852050920478235
0.852050920478235
0.852050920478235
0.8565121566451703
0.8565121566451703
0.8565121566451703
0.8566245487016964
0.8566245487016964
0.8566245487016964
0.8566245487016964
0.8567427835000391
0.8567427835000391
0.8567427835000391
0.8567427835000391
0.8578923825123239
0.8578923825123239
0.8578923825123239
0.8582383529040436
0.8582383529040436
0.8582493885520202
0.8582493885520202
0.8600033138655
0.8600033138655
0.8600033138655
0.8630994873508568
0.8630994873508568
0.8630994873508568
0.8630994873508568
0.8630994873508568
0.8630994873508568
0.8630994873508568
0.8630994873508568
0.8630994873508568
0.8630994873508568
0.8630994873508568
0.8630994873508568
0.8630994873508568
0.8630994873508568
0.8630994873508568
0.8630994873508568
0.8630994873508568
0.8630994873508568
0.8630994873508568
0.8630994873508568
0.8630994873508568
0.8630994873508568
0.8630994873508568
0.8630994873508568
0.8630994873508568
0.8630994873508568
0.8630994873508568
0.8630994873508568
0.8630994873508568
0.8630994873508568
0.8630994873508568
0.8630994873508568
0.8630994873508568
0.8630994873508568
0.8630994873508568
0.8630994873508568
0.8630994873508568
0.8630994873508568
0.8630994873508568
0.8630994873508568
0.8630994873508568
0.8630994873508568
0.8630994873508568
0.8630994873508568
0.8630994873508568
0.8630994873508568
0.8630994873508568
0.8630994873508568
0.8630994873508568
0.8630994873508568
0.8630994873508568
0.8630994873508568
0.8630994873508568
0.8631114104364043
0.8631114104364043
0.8631114104364043
0.8631114104364043
0.8631114104364043
0.8631114104364043
0.8631114104364043
0.8631114104364043
0.8631114104364043
0.8631114104364043
0.8631114104364043
0.8631114104364043
0.8631114104364043
0.8631114104364043
0.8631114104364043
0.8631114104364043
0.8631114104364043
0.8631114104364043
0.8631114104364043
0.8631114104364043
0.8631114104364043
0.8631114104364043
0.8631114104364043
0.8631114104364043
0.8631114104364043
0.8631114104364043
0.8631114104364043
0.8631114104364043
0.8631114104364043
0.8631114104364043
0.8631114104364043
0.8631114104364043
0.8631114104364043
0.8631114104364043
0.8631114104364043
0.8631114104364043
0.8631114104364043
0.8631114104364043
0.8631114104364043
0.8631114104364043
0.8631114104364043
0.8631114104364043
0.8631114104364043
0.8631114104364043
0.8631114104364043
0.8631114104364043
0.8631114104364043
0.8631114104364043
0.8631114104364043
0.8631114104364043
0.8631114104364043
0.8631114104364043
0.8631114104364043
0.8631114104364043
0.8631114104364043
0.8631114104364043
0.8631114104364043
0.8631114104364043
0.8631114104364043
0.8631114104364043
0.8631114104364043
0.8631114104364043
0.8631114104364043
0.8631114104364043
0.8631114104364043
0.8631114104364043
0.8631114104364043
0.8631114104364043
0.8631114104364043
0.8631114104364043
0.8631114104364043
0.8631114104364043
0.8631114104364043
0.8631114104364043
0.8631114104364043
0.8631114104364043
0.8631114104364043
0.8631114104364043
0.8631114104364043
0.8631114104364043
0.8631114104364043
0.8631114104364043
0.8631114104364043
0.8631114104364043
0.8631114104364043
0.8631114104364043
0.8631114104364043
0.8631114104364043
0.8631114104364043
0.8631114104364043
0.8625761535055415
0.8625761535055415
0.8625761535055415
0.8625761535055415
0.8625761535055415
0.8625761535055415
0.8629246506369685
0.8631442462554044
0.8631442462554044
0.8631442462554044
0.8631442462554044
0.8631442462554044
0.8631442462554044
0.8631442462554044
0.8631442462554044
0.8631442462554044
0.8631481518337503
0.8631481518337503
0.8631481518337503
0.8631481518337503
0.8631481518337503
0.8631481518337503
0.8631481518337503
0.8631481518337503
0.8631481518337503
0.8369506963627177
0.8369506963627177
0.8369506963627177
0.8369506963627177
0.8369506963627177
0.8369506963627177
0.8369506963627177
0.8369506963627177
0.8369506963627177
0.8401278652049062
0.8568291099151447
0.8568291099151447
0.8568291099151447
0.8606198227290036
0.8606198227290036
0.8606198227290036
0.8608905073727448
0.8608905073727448
0.8608905073727448
0.8614023054065508
0.8614023054065508
0.8614023054065508
0.8614023054065508
0.8614023054065508
0.8614023054065508
0.8614023054065508
0.8614023054065508
0.8614023054065508
0.8614023054065508
0.861419362847318
0.861419362847318
0.861419362847318
0.861419362847318
0.861419362847318
0.8622506446796123
0.8622506446796123
0.8622506446796123
0.8623228505327142
0.8623322751299803
0.8623322751299803
0.8623322751299803
0.8623322751299803
0.8623322751299803
0.8623322751299803
0.8623322751299803
0.8623322751299803
0.8623322751299803
0.8623322751299803
0.8623322751299803
0.8624097979971338
0.8624799472336223
0.8624799472336223
0.8624799472336223
0.8624799472336223
0.8624799472336223
0.8624799472336223
0.8624799472336223
0.8624799472336223
0.8624799472336223
0.8624799472336223
0.8624799472336223
0.8624799472336223
0.8624799472336223
0.8624799472336223
0.8624799472336223
0.8624799472336223
0.8624799472336223
0.8624799472336223
0.8624799472336223
0.863320491686345
0.863320491686345
0.863320491686345
0.8633509803300231
0.8633509803300231
0.8633509803300231
0.8633509803300231
0.8633509803300231
0.8633509803300231
0.8633509803300231
0.8633509803300231
0.8633509803300231
0.8633509803300231
0.8633509803300231
0.8633509803300231
0.8633509803300231
0.8633509803300231
0.8633509803300231
0.8633509803300231
0.8633509803300231
0.8633509803300231
0.8633509803300231
0.8633509803300231
0.8633509803300231
0.8633509803300231
0.8633509803300231
0.8633509803300231
0.8633509803300231
0.8633509803300231
0.8633509803300231
0.8633509803300231
0.8633509803300231
0.8633509803300231
0.8633509803300231
0.8633509803300231
0.8633509803300231
0.8633509803300231
0.8633509803300231
0.8633509803300231
0.8633509803300231
0.8633509803300231
0.8634410790074891
0.8634410790074891
0.8634410790074891
0.8634410790074891
0.8634410790074891
0.8634410790074891
0.8634410790074891
0.8634410790074891
0.8634410790074891
0.8634410790074891
0.8634410790074891
0.8634410790074891
0.8634410790074891
0.8634410790074891
0.8634410790074891
0.8634410790074891
0.8634410790074891
0.8634410790074891
0.863577023823693
0.863577023823693
0.863577023823693
0.863577023823693
0.863577023823693
0.863577023823693
0.863577023823693
0.863577023823693
0.863577023823693
0.863577023823693
0.863577023823693
0.863577023823693
0.863577023823693
0.863577023823693
0.863577023823693
0.863577023823693
0.863577023823693
0.863577023823693
0.863577023823693
0.863577023823693
0.863577023823693
0.863577023823693
0.8635849101880166
0.8635849101880166
0.8636991241289196
0.8636991241289196
0.8636991241289196
0.8636991241289196
0.8636991241289196
0.8636991241289196
0.8636991241289196
0.8636991241289196
0.8636991241289196
0.8636991241289196
0.8636991241289196
0.8636991241289196
0.8636991241289196
0.8636991241289196
0.8636991241289196
0.8636991241289196
0.8636991241289196
0.8636991241289196
0.8636991241289196
0.8638125036374258
0.8638125036374258
0.8638125036374258
0.8638125036374258
0.8638125036374258
0.8638125036374258
0.8638125036374258
0.8638125036374258
0.8638125036374258
0.8638125036374258
0.8638125036374258
0.8640212057077491
0.8640212057077491
0.8640212057077491
0.8640212057077491
0.8640212057077491
0.8640212057077491
0.8640212057077491
0.8640212057077491
0.8640212057077491
0.8640212057077491
0.8640212057077491
0.8640212057077491
0.8640212057077491
0.8640212057077491
0.8640212057077491
0.8640212057077491
0.8640212057077491
0.8640212057077491
0.8640212057077491
0.8640212057077491
0.8640212057077491
0.8640212057077491
0.8640212057077491
0.8640212057077491
0.8640212057077491
0.8640212057077491
0.8640212057077491
0.8640212057077491
0.8640212057077491
0.8640212057077491
0.8640212057077491
0.8640212057077491
0.8640212057077491
0.8640212057077491
0.8640212057077491
0.8640212057077491
0.8640212057077491
0.8640212057077491
0.8640212057077491
0.8640212057077491
0.8640212057077491
0.8640212057077491
0.8640212057077491
0.8640212057077491
0.8640212057077491
0.8640212057077491
0.8640212057077491
0.8640212057077491
0.8640212057077491
0.8640212057077491
0.8640212057077491
0.8642515023576814
0.8642515023576814
0.8642515023576814
0.8642515023576814
0.8642515023576814
0.8642515023576814
0.8642515023576814
0.8642515023576814
0.8642515023576814
0.8642515023576814
0.8642515023576814
0.8642515023576814
0.8642515023576814
0.8642515023576814
0.8642515023576814
0.8642515023576814
0.8642515023576814
0.8642515023576814
0.8642515023576814
0.8642515023576814
0.8642515023576814
0.8642515023576814
0.8642515023576814
0.8642515023576814
0.8642515023576814
0.8642515023576814
0.8642515023576814
0.8642515023576814
0.8642515023576814
0.8642515023576814
0.8642515023576814
0.8642515023576814
0.8642515023576814
0.8642515023576814
0.8642912910157183
0.8642912910157183
0.8642912910157183
0.8643191790781092
0.8643191790781092
0.8643191790781092
0.8643191790781092
0.8643191790781092
0.8643191790781092
0.8643191790781092
0.8643191790781092
0.8643191790781092
0.8643191790781092
0.8643191790781092
0.8643191790781092
0.8643191790781092
0.8643191790781092
0.8643191790781092
0.8643191790781092
0.8643191790781092
0.8643191790781092
0.8643191790781092
0.8643191790781092
0.8643191790781092
0.8643191790781092
0.8643191790781092
0.8643191790781092
0.8643191790781092
0.8643191790781092
0.8643191790781092
0.8643191790781092
0.8643191790781092
0.8643191790781092
0.8643191790781092
0.8643191790781092
0.8643191790781092
0.8643191790781092
0.8643191790781092
0.8643191790781092
0.8643191790781092
0.8643191790781092
0.8643191790781092
0.8643250882098317
0.8643250882098317
0.8643250882098317
0.8643250882098317
0.8643250882098317
0.8643250882098317
0.8643250882098317
0.8643250882098317
0.8643250882098317
0.8643250882098317
0.8643250882098317
0.8643250882098317
0.8643250882098317
0.8643250882098317
0.8643250882098317
0.8643250882098317
0.8643250882098317
0.8643250882098317
0.8643250882098317
0.8643478431332924
0.8643478431332924
0.8643478431332924
0.8643478431332924
0.8643478431332924
0.8643478431332924
0.8643478431332924
0.8643478431332924
0.8643478431332924
0.8643478431332924
0.8643478431332924
0.8643478431332924
0.8643478431332924
0.8643478431332924
0.8643478431332924
0.8643478431332924
0.8643478431332924
0.8643478431332924
0.8643478431332924
0.8643478431332924
0.8643478431332924
0.8643478431332924
0.8643478431332924
0.8643478431332924
0.8643478431332924
0.8643478431332924
0.8643478431332924
0.8643478431332924
0.8643478431332924
0.8643478431332924
0.8643478431332924
0.8643478431332924
0.8643478431332924
0.8643478431332924
0.8643478431332924
0.8643478431332924
0.8643478431332924
0.8643478431332924
0.8643478431332924
0.8643478431332924
0.8643478431332924
0.8643478431332924
0.8643478431332924
0.8643478431332924
0.8643478431332924
0.8643478431332924
