6 5 -3 10 2 10 2 -6 -3 7 -2 -1 -9 -10 2 4 -4 -10 4 -3 2 -6 -7 1 3 -2 -4 -10 -4 2 8 -4 -7 4 3 10 7 5 -6 9 10 -9 -8 -9 1 -8 7 6 -3 2 2 -3 9 -9 3 -8 1 -10 3 -9 -4 2 5 -2 7 1 -4 -10 -2 -3 1 8 2 -3 3 5 6 -4 -2 0 6 6 6 -10 -10 -3 -3 -7 6 -7 4 6 8 3 3 -3 4 5 -2 -7 -7 8 -9 -1 4 7 -5 1 7 -4 -10 -6 -8 4 -6 -10 -4 -7 -7 -5 -8 -1 -10 -10 5 -5 -1 -5 -9 -4 -4 -9 10 10 9 -10 3 -10 2 5 -2 4 -5 4 10 -2 -8 -2 10 -9 10 -10 -9 -10 1 -4 7 -6 2 -4 -8 3 4 6 -4 -8 4 -8 2 4 10 -8 -5 6 -3 5 -9 -5 3 5 -8 -8 5 10 4 -10 -6 0 8 -7 -7 8 9 4 -5 -6 9 8 -10 6 7 2 5 3 -5 9 -9 -9 -6 5 -1 -4 4 -9 1 -8 4 5 2 -5 -8 -8 6 -4 -6 2 5 -10 2 -3 -8 -4 -1 -10 7 5 -2 7 8 9 -5 -5 -1 6 3 -2 -5 -3 8 9 1 2 -4 -4 1 1 8 -8 -6 3 10 -10 -1 -8 7 1 -7 6 -9 8 -9 -2 -2 7 2 9 10 5 10 4 -5 8 -4 5 3 4 5 9 -10 5 9 -1 3 3 5 7 8 10 10 8 9 -2 8 -1 2 10 3 10 10 2 3 8 3 -1 7 -2 8 -6 8 -8 -5 7 -6 -1 -5 4 -4 -1 10 5 2 3 -4 -4 5 1 -7 -5 -4 3 7 7 -2 6 4 -5 -4 -7 0 7 -8 -8 -9 -10 -4 4 -9 2 5 -3 1 -9 -1 3 -9 3 9 -2 -9 10 -6 7 -5 -4 1 -5 -6 4 -7 -10 2 -8 8 -3 -6 -6 9 -6 -3 -6 -9 3 -6 4 3 -2 -8 -5 -10 3 -3 2 -10 7 -1 -6 5 1 -7 -9 -5 3 8 -7 -8 8 -6 -2 9 -4 4 -7 0 2 4 3 -5 9 -1 -5 10 -2 10 -2 6 10 -6 10 -5 -2 0 3 -2 9 -5 -4 -8 8 4 2 -1 -3 6 8 1 4 8 9 7 -7 10 5 -1 -6 7 -7 -6 3 -10 -1 -5 -9 -4 3 -4 -5 -10 5 8 -9 -8 -3 5 -7 -8 -5 4 -2 5 -1 9 4 -10 -10 4 6 5 -9 8 -3 0 -8 -7 5 7 1 7 0 3 -6 2 1 4 -1 5 6 -3 10 -4 -1 3 -7 2 6 -9 -10 -4 8 -4 -2 -7 7 -5 -9 -4 -2 9 7 -6 -3 0 10 -8 7 0 -5 5 9 4 2 2 -1 -9 4 -2 -8 6 3 5 -4 -3 0 -5 2 -4 -10 9 -4 4 0 -8 -4 -3 -3 -3 3 5 -8 -1 -3 5 7 -4 9 5 3 6 8 -1 -9 -4 -4 -3 -9 1 8 1 -4 5 -8 4 10 5 -5 5 1 10 5 9 -4 -4 -5 -10 8 1 -10 4 -10 4 -10 -9 -2 -10 -8 1 8 -2 -9 -3 6 0 5 -5 -1 4 -8 -10 2 -1 2 5 7 -10 -8 -4 0 -8 9 3 2 -7 10 10 5 3 -5 10 -2 -10 -5 -1 -1 4 -3 10 8 -9 -8 -1 2 -2 7 2 7 -10 5 -4 -10 9 2 -3 10 7 9 10 6 -1 7 -8 -9 8 -10 -1 2 -8 5 -1 -5 0 7 8 -1 -1 -6 -2 -3 -7 6 10 10 3 9 7 -7 6 6 10 -8 6 -9 5 -2 -2 1 -10 -2 8 5 -4 4 0 9 7 4 -3 4 -4 -4 -5 -8 -7 -2 3 4 -5 4 -1 4 0 6 4 -4 -5 -4 -6 -7 0 3 -9 9 -7 -7 2 5 6 -10 9 9 0 4 3 10 -6 10 -5 -7 -8 0 7 10 9 1 7 -8 8 -5 8 8 -6 7 -2 -10 -10 -9 3 1 6 -7 8 -9 -4 10 5 -2 10 4 4 -4 6 9 -7 -1 3 7 -1 -4 -3 -8 2 9 -5 2 -5 -3 1 -1 7 -6 1 -10 5 -6 2 -9 3 -10 -4 2 6 -6 4 -10 0 -10 -4 -3 -9 -6 8 8 4 -8 9 5 1 0 9 -5 1 7 4 6 2 -9 7 -7 -10 3 3 1 5 -8 -2 8 -3 2 -10 -1 5 -1 -10 0 -7 -4 -2 -4 5 5 5 5 -10 8 10 -3 -5 1 5 10 5 -4 -2 -7 8 -4 6 -5 -9 -7 10 7 -2 -2 -2 -6 4 1 3 3 0 -1 -8 4 -6 -3 7 5 8 7 10 2 -7 10 -5 9 3 -7 -4 -3 -9 3 1 -4 -6 2 -8 -5 3 4 -1 9 7 -2 -8 -9 5 -9 8 -5 -3 -6 7 1 -1 1 -10 1 1 -5 3 4 4 2 9 3 -2 5 9 10 0 1 -9 4 -6 4 -7 1 5 3 4 -2 -9 -3 -7 -8 -3 -4 -6 -5 -7 6 8 10 5 -2 -2 -6 -6 3 5 4 -4 -2 3 -9 9 7 10 -7 8 8 -10 -8 10 -9 -10 4 3 -4 -4 -2 -10 -5 -3 4 7 1 5 -3 -8 2 -1 -3 -2 -1 -6 7 -1 3 2 -1 10 7 -10 -10 1 8 -6 3 -9 -7 6 -9 -10 -4 1 -4 5 6 -7 4 -4 -1 3 7 9 -3 8 -10 2 1 -7 -5 -4 -1 4 10 -5 -5 3 -6 4 -10 3 9 -1 -3 -2 1 -9 7 -6 -2 2 -10 3 -6 -7 -4 3 -7 5 -2 -1 -5 -1 -6 1 -6 5 -8 -6 3 3 8 -1 -6 1 4 6 -4 4 5 5 6 6 -3 -4 -3 -1 1 9 -10 8 6 8 7 8 6 4 -8 -4 0 -4 6 -10 -1 5 10 1 -3 7 -4 -10 3 6 2 2 -7 -5 4 8 1 -2 2 -7 6 4 -6 -10 8 -10 -6 -3 -9 -4 9 -7 -5 7 7 -8 3 -9 -5 1 -8 -7 -10 -10 -2 3 6 8 -5 2 -4 -7 5 -6 2 9 -3 2 -3 5 3 -9 8 -3 -7 -10 3 -5 7 7 -1 -3 -8 2 -2 -2 3 6 -6 -10 -2 -4 0 6 7 10 -7 -6 7 9 4 -2 -6 -3 -5 8 -9 10 -7 4 -9 -2 -4 -4 -9 -5 -6 9 -7 -3 -1 8 6 -7 7 -2 -10 -7 -3 4 6 -7 -10 8 6 -8 1 -10 6 5 -4 -3 -3 -2 10 -10 -4 3 5 10 -10 7 -9 -2 -1 3 -4 2 -7 7 1 5 2 1 1 -1 -5 7 7 9 -4 7 3 1 -5 4 -9 9 4 -10 7 -1 4 3 10 -3 5 10 6 -2 -8 3 -10 -10 -7 10 -7 10 7 4 9 -10 0 -3 -4 -3 -9 10 2 -2 8 -4 -2 8 8 9 -1 4 6 8 -6 -2 3 8 -1 -10 5 -8 8 10 7 9 -9 -7 4 -8 -2 -1 2 -8 -10 -6 -1 8 -5 -7 -9 -10 8 -5 -2 -2 9 -4 0 -1 1 7 8 -9 3 4 -7 1 9 8 9 6 9 4 7 -5 9 7 8 3 9 4 0 1 2 -8 -4 8 10 -8 10 -4 -8 6 4 -10 2 2 -10 0 -7 5 7 -2 10 -3 -9 9 6 10 8 9 2 -5 -10 -6 5 -3 -6 -4 -10 -7 -4 -8 -5 -1 -9 -3 9 -8 2 1 -2 -1 2 5 -7 1 -1 4 0 1 8 -7 2 -4 0 -4 -6 6 3 -7 -7 -2 1 -4 7 8 -7 -8 8 -7 3 4 10 -3 -5 -2 10 10 0 4 -7 1 -8 6 -10 -10 6 -8 -8 3 3 -1 7 2 2 0 -10 -9 9 -4 5 7 2 -4 9 4 6 -7 -8 8 7 -10 -9 7 -1 3 2 7 -3 -10 -6 -5 -8 -10 -6 -9 -9 -2 -2 -9 -8 6 4 -2 1 10 -1 4 -9 -8 7 -9 7 5 6 3 -8 -5 2 -3 7 5 4 -1 9 -4 -10 7 -5 -5 10 -4 7 -8 9 7 -10 6 -8 1 -1 -8 9 9 9 -3 -5 -7 -5 -5 7 -8 -8 8 4 -10 -5 -6 4 -8 -6 -5 9 2 -4 -2 7 -3 8 -4 -10 -10 -4 -2 -10 -2 -7 3 -7 -8 9 1 7 0 -8 10 -2 -3 6 -10 -9 -6 8 3 -3 3 -3 8 -5 5 -3 9 8 0 5 -4 -3 -10 -6 -5 -6 8 5 3 -7 3 8 4 3 10 -6 -2 2 2 -2 -5 -10 -7 10 2 5 -2 -4 -6 6 2 -2 4 -2 2 7 5 2 -1 -1 4 10 10 10 4 1 9 -8 3 6 5 1 -2 -7 -1 4 -7 8 5 8 5 6 7 -4 5 -3 9 7 10 9 2 10 9 3 -4 10 -2 -4 10 -6 9 -6 -7 -8 -10 -2 5 9 -6 2 9 10 3 -7 7 4 -6 1 4 -3 -2 6 -1 -10 8 6 -10 4 1 -4 0 9 -10 -9 2 -9 10 -5 8 1 8 -10 -6 7 -3 -8 6 6 7 9 -10 3
0.8990885013904183
0	6	720	1	1440	5	2160	-7	2880	0	
1	5	721	-9	1441	-2	2161	-5	2881	-7	
2	-3	722	-1	1442	-2	2162	-4	2882	5	
3	10	723	3	1443	1	2163	-1	2883	7	
4	2	724	-9	1444	-10	2164	4	2884	-2	
5	10	725	3	1445	-2	2165	10	2885	10	
6	2	726	9	1446	8	2166	-5	2886	-3	
7	-6	727	-2	1447	5	2167	-5	2887	-9	
8	-3	728	-9	1448	-4	2168	3	2888	9	
9	7	729	10	1449	4	2169	-6	2889	6	
10	-2	730	-6	1450	0	2170	4	2890	10	
11	-1	731	7	1451	9	2171	-10	2891	8	
12	-9	732	-5	1452	7	2172	3	2892	9	
13	-10	733	-4	1453	4	2173	9	2893	2	
14	2	734	1	1454	-3	2174	-1	2894	-5	
15	4	735	-5	1455	4	2175	-3	2895	-10	
16	-4	736	-6	1456	-4	2176	-2	2896	-6	
17	-10	737	4	1457	-4	2177	1	2897	5	
18	4	738	-7	1458	-5	2178	-9	2898	-3	
19	-3	739	-10	1459	-8	2179	7	2899	-6	
20	2	740	2	1460	-7	2180	-6	2900	-4	
21	-6	741	-8	1461	-2	2181	-2	2901	-10	
22	-7	742	8	1462	3	2182	2	2902	-7	
23	1	743	-3	1463	4	2183	-10	2903	-4	
24	3	744	-6	1464	-5	2184	3	2904	-8	
25	-2	745	-6	1465	4	2185	-6	2905	-5	
26	-4	746	9	1466	-1	2186	-7	2906	-1	
27	-10	747	-6	1467	4	2187	-4	2907	-9	
28	-4	748	-3	1468	0	2188	3	2908	-3	
29	2	749	-6	1469	6	2189	-7	2909	9	
30	8	750	-9	1470	4	2190	5	2910	-8	
31	-4	751	3	1471	-4	2191	-2	2911	2	
32	-7	752	-6	1472	-5	2192	-1	2912	1	
33	4	753	4	1473	-4	2193	-5	2913	-2	
34	3	754	3	1474	-6	2194	-1	2914	-1	
35	10	755	-2	1475	-7	2195	-6	2915	2	
36	7	756	-8	1476	0	2196	1	2916	5	
37	5	757	-5	1477	3	2197	-6	2917	-7	
38	-6	758	-10	1478	-9	2198	5	2918	1	
39	9	759	3	1479	9	2199	-8	2919	-1	
40	10	760	-3	1480	-7	2200	-6	2920	4	
41	-9	761	2	1481	-7	2201	3	2921	0	
42	-8	762	-10	1482	2	2202	3	2922	1	
43	-9	763	7	1483	5	2203	8	2923	8	
44	1	764	-1	1484	6	2204	-1	2924	-7	
45	-8	765	-6	1485	-10	2205	-6	2925	2	
46	7	766	5	1486	9	2206	1	2926	-4	
47	6	767	1	1487	9	2207	4	2927	0	
48	-3	768	-7	1488	0	2208	6	2928	-4	
49	2	769	-9	1489	4	2209	-4	2929	-6	
50	2	770	-5	1490	3	2210	4	2930	6	
51	-3	771	3	1491	10	2211	5	2931	3	
52	9	772	8	1492	-6	2212	5	2932	-7	
53	-9	773	-7	1493	10	2213	6	2933	-7	
54	3	774	-8	1494	-5	2214	6	2934	-2	
55	-8	775	8	1495	-7	2215	-3	2935	1	
56	1	776	-6	1496	-8	2216	-4	2936	-4	
57	-10	777	-2	1497	0	2217	-3	2937	7	
58	3	778	9	1498	7	2218	-1	2938	8	
59	-9	779	-4	1499	10	2219	1	2939	-7	
60	-4	780	4	1500	9	2220	9	2940	-8	
61	2	781	-7	1501	1	2221	-10	2941	8	
62	5	782	0	1502	7	2222	8	2942	-7	
63	-2	783	2	1503	-8	2223	6	2943	3	
64	7	784	4	1504	8	2224	8	2944	4	
65	1	785	3	1505	-5	2225	7	2945	10	
66	-4	786	-5	1506	8	2226	8	2946	-3	
67	-10	787	9	1507	8	2227	6	2947	-5	
68	-2	788	-1	1508	-6	2228	4	2948	-2	
69	-3	789	-5	1509	7	2229	-8	2949	10	
70	1	790	10	1510	-2	2230	-4	2950	10	
71	8	791	-2	1511	-10	2231	0	2951	0	
72	2	792	10	1512	-10	2232	-4	2952	4	
73	-3	793	-2	1513	-9	2233	6	2953	-7	
74	3	794	6	1514	3	2234	-10	2954	1	
75	5	795	10	1515	1	2235	-1	2955	-8	
76	6	796	-6	1516	6	2236	5	2956	6	
77	-4	797	10	1517	-7	2237	10	2957	-10	
78	-2	798	-5	1518	8	2238	1	2958	-10	
79	0	799	-2	1519	-9	2239	-3	2959	6	
80	6	800	0	1520	-4	2240	7	2960	-8	
81	6	801	3	1521	10	2241	-4	2961	-8	
82	6	802	-2	1522	5	2242	-10	2962	3	
83	-10	803	9	1523	-2	2243	3	2963	3	
84	-10	804	-5	1524	10	2244	6	2964	-1	
85	-3	805	-4	1525	4	2245	2	2965	7	
86	-3	806	-8	1526	4	2246	2	2966	2	
87	-7	807	8	1527	-4	2247	-7	2967	2	
88	6	808	4	1528	6	2248	-5	2968	0	
89	-7	809	2	1529	9	2249	4	2969	-10	
90	4	810	-1	1530	-7	2250	8	2970	-9	
91	6	811	-3	1531	-1	2251	1	2971	9	
92	8	812	6	1532	3	2252	-2	2972	-4	
93	3	813	8	1533	7	2253	2	2973	5	
94	3	814	1	1534	-1	2254	-7	2974	7	
95	-3	815	4	1535	-4	2255	6	2975	2	
96	4	816	8	1536	-3	2256	4	2976	-4	
97	5	817	9	1537	-8	2257	-6	2977	9	
98	-2	818	7	1538	2	2258	-10	2978	4	
99	-7	819	-7	1539	9	2259	8	2979	6	
100	-7	820	10	1540	-5	2260	-10	2980	-7	
101	8	821	5	1541	2	2261	-6	2981	-8	
102	-9	822	-1	1542	-5	2262	-3	2982	8	
103	-1	823	-6	1543	-3	2263	-9	2983	7	
104	4	824	7	1544	1	2264	-4	2984	-10	
105	7	825	-7	1545	-1	2265	9	2985	-9	
106	-5	826	-6	1546	7	2266	-7	2986	7	
107	1	827	3	1547	-6	2267	-5	2987	-1	
108	7	828	-10	1548	1	2268	7	2988	3	
109	-4	829	-1	1549	-10	2269	7	2989	2	
110	-10	830	-5	1550	5	2270	-8	2990	7	
111	-6	831	-9	1551	-6	2271	3	2991	-3	
112	-8	832	-4	1552	2	2272	-9	2992	-10	
113	4	833	3	1553	-9	2273	-5	2993	-6	
114	-6	834	-4	1554	3	2274	1	2994	-5	
115	-10	835	-5	1555	-10	2275	-8	2995	-8	
116	-4	836	-10	1556	-4	2276	-7	2996	-10	
117	-7	837	5	1557	2	2277	-10	2997	-6	
118	-7	838	8	1558	6	2278	-10	2998	-9	
119	-5	839	-9	1559	-6	2279	-2	2999	-9	
120	-8	840	-8	1560	4	2280	3	3000	-2	
121	-1	841	-3	1561	-10	2281	6	3001	-2	
122	-10	842	5	1562	0	2282	8	3002	-9	
123	-10	843	-7	1563	-10	2283	-5	3003	-8	
124	5	844	-8	1564	-4	2284	2	3004	6	
125	-5	845	-5	1565	-3	2285	-4	3005	4	
126	-1	846	4	1566	-9	2286	-7	3006	-2	
127	-5	847	-2	1567	-6	2287	5	3007	1	
128	-9	848	5	1568	8	2288	-6	3008	10	
129	-4	849	-1	1569	8	2289	2	3009	-1	
130	-4	850	9	1570	4	2290	9	3010	4	
131	-9	851	4	1571	-8	2291	-3	3011	-9	
132	10	852	-10	1572	9	2292	2	3012	-8	
133	10	853	-10	1573	5	2293	-3	3013	7	
134	9	854	4	1574	1	2294	5	3014	-9	
135	-10	855	6	1575	0	2295	3	3015	7	
136	3	856	5	1576	9	2296	-9	3016	5	
137	-10	857	-9	1577	-5	2297	8	3017	6	
138	2	858	8	1578	1	2298	-3	3018	3	
139	5	859	-3	1579	7	2299	-7	3019	-8	
140	-2	860	0	1580	4	2300	-10	3020	-5	
141	4	861	-8	1581	6	2301	3	3021	2	
142	-5	862	-7	1582	2	2302	-5	3022	-3	
143	4	863	5	1583	-9	2303	7	3023	7	
144	10	864	7	1584	7	2304	7	3024	5	
145	-2	865	1	1585	-7	2305	-1	3025	4	
146	-8	866	7	1586	-10	2306	-3	3026	-1	
147	-2	867	0	1587	3	2307	-8	3027	9	
148	10	868	3	1588	3	2308	2	3028	-4	
149	-9	869	-6	1589	1	2309	-2	3029	-10	
150	10	870	2	1590	5	2310	-2	3030	7	
151	-10	871	1	1591	-8	2311	3	3031	-5	
152	-9	872	4	1592	-2	2312	6	3032	-5	
153	-10	873	-1	1593	8	2313	-6	3033	10	
154	1	874	5	1594	-3	2314	-10	3034	-4	
155	-4	875	6	1595	2	2315	-2	3035	7	
156	7	876	-3	1596	-10	2316	-4	3036	-8	
157	-6	877	10	1597	-1	2317	0	3037	9	
158	2	878	-4	1598	5	2318	6	3038	7	
159	-4	879	-1	1599	-1	2319	7	3039	-10	
160	-8	880	3	1600	-10	2320	10	3040	6	
161	3	881	-7	1601	0	2321	-7	3041	-8	
162	4	882	2	1602	-7	2322	-6	3042	1	
163	6	883	6	1603	-4	2323	7	3043	-1	
164	-4	884	-9	1604	-2	2324	9	3044	-8	
165	-8	885	-10	1605	-4	2325	4	3045	9	
166	4	886	-4	1606	5	2326	-2	3046	9	
167	-8	887	8	1607	5	2327	-6	3047	9	
168	2	888	-4	1608	5	2328	-3	3048	-3	
169	4	889	-2	1609	5	2329	-5	3049	-5	
170	10	890	-7	1610	-10	2330	8	3050	-7	
171	-8	891	7	1611	8	2331	-9	3051	-5	
172	-5	892	-5	1612	10	2332	10	3052	-5	
173	6	893	-9	1613	-3	2333	-7	3053	7	
174	-3	894	-4	1614	-5	2334	4	3054	-8	
175	5	895	-2	1615	1	2335	-9	3055	-8	
176	-9	896	9	1616	5	2336	-2	3056	8	
177	-5	897	7	1617	10	2337	-4	3057	4	
178	3	898	-6	1618	5	2338	-4	3058	-10	
179	5	899	-3	1619	-4	2339	-9	3059	-5	
180	-8	900	0	1620	-2	2340	-5	3060	-6	
181	-8	901	10	1621	-7	2341	-6	3061	4	
182	5	902	-8	1622	8	2342	9	3062	-8	
183	10	903	7	1623	-4	2343	-7	3063	-6	
184	4	904	0	1624	6	2344	-3	3064	-5	
185	-10	905	-5	1625	-5	2345	-1	3065	9	
186	-6	906	5	1626	-9	2346	8	3066	2	
187	0	907	9	1627	-7	2347	6	3067	-4	
188	8	908	4	1628	10	2348	-7	3068	-2	
189	-7	909	2	1629	7	2349	7	3069	7	
190	-7	910	2	1630	-2	2350	-2	3070	-3	
191	8	911	-1	1631	-2	2351	-10	3071	8	
192	9	912	-9	1632	-2	2352	-7	3072	-4	
193	4	913	4	1633	-6	2353	-3	3073	-10	
194	-5	914	-2	1634	4	2354	4	3074	-10	
195	-6	915	-8	1635	1	2355	6	3075	-4	
196	9	916	6	1636	3	2356	-7	3076	-2	
197	8	917	3	1637	3	2357	-10	3077	-10	
198	-10	918	5	1638	0	2358	8	3078	-2	
199	6	919	-4	1639	-1	2359	6	3079	-7	
200	7	920	-3	1640	-8	2360	-8	3080	3	
201	2	921	0	1641	4	2361	1	3081	-7	
202	5	922	-5	1642	-6	2362	-10	3082	-8	
203	3	923	2	1643	-3	2363	6	3083	9	
204	-5	924	-4	1644	7	2364	5	3084	1	
205	9	925	-10	1645	5	2365	-4	3085	7	
206	-9	926	9	1646	8	2366	-3	3086	0	
207	-9	927	-4	1647	7	2367	-3	3087	-8	
208	-6	928	4	1648	10	2368	-2	3088	10	
209	5	929	0	1649	2	2369	10	3089	-2	
210	-1	930	-8	1650	-7	2370	-10	3090	-3	
211	-4	931	-4	1651	10	2371	-4	3091	6	
212	4	932	-3	1652	-5	2372	3	3092	-10	
213	-9	933	-3	1653	9	2373	5	3093	-9	
214	1	934	-3	1654	3	2374	10	3094	-6	
215	-8	935	3	1655	-7	2375	-10	3095	8	
216	4	936	5	1656	-4	2376	7	3096	3	
217	5	937	-8	1657	-3	2377	-9	3097	-3	
218	2	938	-1	1658	-9	2378	-2	3098	3	
219	-5	939	-3	1659	3	2379	-1	3099	-3	
220	-8	940	5	1660	1	2380	3	3100	8	
221	-8	941	7	1661	-4	2381	-4	3101	-5	
222	6	942	-4	1662	-6	2382	2	3102	5	
223	-4	943	9	1663	2	2383	-7	3103	-3	
224	-6	944	5	1664	-8	2384	7	3104	9	
225	2	945	3	1665	-5	2385	1	3105	8	
226	5	946	6	1666	3	2386	5	3106	0	
227	-10	947	8	1667	4	2387	2	3107	5	
228	2	948	-1	1668	-1	2388	1	3108	-4	
229	-3	949	-9	1669	9	2389	1	3109	-3	
230	-8	950	-4	1670	7	2390	-1	3110	-10	
231	-4	951	-4	1671	-2	2391	-5	3111	-6	
232	-1	952	-3	1672	-8	2392	7	3112	-5	
233	-10	953	-9	1673	-9	2393	7	3113	-6	
234	7	954	1	1674	5	2394	9	3114	8	
235	5	955	8	1675	-9	2395	-4	3115	5	
236	-2	956	1	1676	8	2396	7	3116	3	
237	7	957	-4	1677	-5	2397	3	3117	-7	
238	8	958	5	1678	-3	2398	1	3118	3	
239	9	959	-8	1679	-6	2399	-5	3119	8	
240	-5	960	4	1680	7	2400	4	3120	4	
241	-5	961	10	1681	1	2401	-9	3121	3	
242	-1	962	5	1682	-1	2402	9	3122	10	
243	6	963	-5	1683	1	2403	4	3123	-6	
244	3	964	5	1684	-10	2404	-10	3124	-2	
245	-2	965	1	1685	1	2405	7	3125	2	
246	-5	966	10	1686	1	2406	-1	3126	2	
247	-3	967	5	1687	-5	2407	4	3127	-2	
248	8	968	9	1688	3	2408	3	3128	-5	
249	9	969	-4	1689	4	2409	10	3129	-10	
250	1	970	-4	1690	4	2410	-3	3130	-7	
251	2	971	-5	1691	2	2411	5	3131	10	
252	-4	972	-10	1692	9	2412	10	3132	2	
253	-4	973	8	1693	3	2413	6	3133	5	
254	1	974	1	1694	-2	2414	-2	3134	-2	
255	1	975	-10	1695	5	2415	-8	3135	-4	
256	8	976	4	1696	9	2416	3	3136	-6	
257	-8	977	-10	1697	10	2417	-10	3137	6	
258	-6	978	4	1698	0	2418	-10	3138	2	
259	3	979	-10	1699	1	2419	-7	3139	-2	
260	10	980	-9	1700	-9	2420	10	3140	4	
261	-10	981	-2	1701	4	2421	-7	3141	-2	
262	-1	982	-10	1702	-6	2422	10	3142	2	
263	-8	983	-8	1703	4	2423	7	3143	7	
264	7	984	1	1704	-7	2424	4	3144	5	
265	1	985	8	1705	1	2425	9	3145	2	
266	-7	986	-2	1706	5	2426	-10	3146	-1	
267	6	987	-9	1707	3	2427	0	3147	-1	
268	-9	988	-3	1708	4	2428	-3	3148	4	
269	8	989	6	1709	-2	2429	-4	3149	10	
270	-9	990	0	1710	-9	2430	-3	3150	10	
271	-2	991	5	1711	-3	2431	-9	3151	10	
272	-2	992	-5	1712	-7	2432	10	3152	4	
273	7	993	-1	1713	-8	2433	2	3153	1	
274	2	994	4	1714	-3	2434	-2	3154	9	
275	9	995	-8	1715	-4	2435	8	3155	-8	
276	10	996	-10	1716	-6	2436	-4	3156	3	
277	5	997	2	1717	-5	2437	-2	3157	6	
278	10	998	-1	1718	-7	2438	8	3158	5	
279	4	999	2	1719	6	2439	8	3159	1	
280	-5	1000	5	1720	8	2440	9	3160	-2	
281	8	1001	7	1721	10	2441	-1	3161	-7	
282	-4	1002	-10	1722	5	2442	4	3162	-1	
283	5	1003	-8	1723	-2	2443	6	3163	4	
284	3	1004	-4	1724	-2	2444	8	3164	-7	
285	4	1005	0	1725	-6	2445	-6	3165	8	
286	5	1006	-8	1726	-6	2446	-2	3166	5	
287	9	1007	9	1727	3	2447	3	3167	8	
288	-10	1008	3	1728	5	2448	8	3168	5	
289	5	1009	2	1729	4	2449	-1	3169	6	
290	9	1010	-7	1730	-4	2450	-10	3170	7	
291	-1	1011	10	1731	-2	2451	5	3171	-4	
292	3	1012	10	1732	3	2452	-8	3172	5	
293	3	1013	5	1733	-9	2453	8	3173	-3	
294	5	1014	3	1734	9	2454	10	3174	9	
295	7	1015	-5	1735	7	2455	7	3175	7	
296	8	1016	10	1736	10	2456	9	3176	10	
297	10	1017	-2	1737	-7	2457	-9	3177	9	
298	10	1018	-10	1738	8	2458	-7	3178	2	
299	8	1019	-5	1739	8	2459	4	3179	10	
300	9	1020	-1	1740	-10	2460	-8	3180	9	
301	-2	1021	-1	1741	-8	2461	-2	3181	3	
302	8	1022	4	1742	10	2462	-1	3182	-4	
303	-1	1023	-3	1743	-9	2463	2	3183	10	
304	2	1024	10	1744	-10	2464	-8	3184	-2	
305	10	1025	8	1745	4	2465	-10	3185	-4	
306	3	1026	-9	1746	3	2466	-6	3186	10	
307	10	1027	-8	1747	-4	2467	-1	3187	-6	
308	10	1028	-1	1748	-4	2468	8	3188	9	
309	2	1029	2	1749	-2	2469	-5	3189	-6	
310	3	1030	-2	1750	-10	2470	-7	3190	-7	
311	8	1031	7	1751	-5	2471	-9	3191	-8	
312	3	1032	2	1752	-3	2472	-10	3192	-10	
313	-1	1033	7	1753	4	2473	8	3193	-2	
314	7	1034	-10	1754	7	2474	-5	3194	5	
315	-2	1035	5	1755	1	2475	-2	3195	9	
316	8	1036	-4	1756	5	2476	-2	3196	-6	
317	-6	1037	-10	1757	-3	2477	9	3197	2	
318	8	1038	9	1758	-8	2478	-4	3198	9	
319	-8	1039	2	1759	2	2479	0	3199	10	
320	-5	1040	-3	1760	-1	2480	-1	3200	3	
321	7	1041	10	1761	-3	2481	1	3201	-7	
322	-6	1042	7	1762	-2	2482	7	3202	7	
323	-1	1043	9	1763	-1	2483	8	3203	4	
324	-5	1044	10	1764	-6	2484	-9	3204	-6	
325	4	1045	6	1765	7	2485	3	3205	1	
326	-4	1046	-1	1766	-1	2486	4	3206	4	
327	-1	1047	7	1767	3	2487	-7	3207	-3	
328	10	1048	-8	1768	2	2488	1	3208	-2	
329	5	1049	-9	1769	-1	2489	9	3209	6	
330	2	1050	8	1770	10	2490	8	3210	-1	
331	3	1051	-10	1771	7	2491	9	3211	-10	
332	-4	1052	-1	1772	-10	2492	6	3212	8	
333	-4	1053	2	1773	-10	2493	9	3213	6	
334	5	1054	-8	1774	1	2494	4	3214	-10	
335	1	1055	5	1775	8	2495	7	3215	4	
336	-7	1056	-1	1776	-6	2496	-5	3216	1	
337	-5	1057	-5	1777	3	2497	9	3217	-4	
338	-4	1058	0	1778	-9	2498	7	3218	0	
339	3	1059	7	1779	-7	2499	8	3219	9	
340	7	1060	8	1780	6	2500	3	3220	-10	
341	7	1061	-1	1781	-9	2501	9	3221	-9	
342	-2	1062	-1	1782	-10	2502	4	3222	2	
343	6	1063	-6	1783	-4	2503	0	3223	-9	
344	4	1064	-2	1784	1	2504	1	3224	10	
345	-5	1065	-3	1785	-4	2505	2	3225	-5	
346	-4	1066	-7	1786	5	2506	-8	3226	8	
347	-7	1067	6	1787	6	2507	-4	3227	1	
348	0	1068	10	1788	-7	2508	8	3228	8	
349	7	1069	10	1789	4	2509	10	3229	-10	
350	-8	1070	3	1790	-4	2510	-8	3230	-6	
351	-8	1071	9	1791	-1	2511	10	3231	7	
352	-9	1072	7	1792	3	2512	-4	3232	-3	
353	-10	1073	-7	1793	7	2513	-8	3233	-8	
354	-4	1074	6	1794	9	2514	6	3234	6	
355	4	1075	6	1795	-3	2515	4	3235	6	
356	-9	1076	10	1796	8	2516	-10	3236	7	
357	2	1077	-8	1797	-10	2517	2	3237	9	
358	5	1078	6	1798	2	2518	2	3238	-10	
359	-3	1079	-9	1799	1	2519	-10	3239	3	
