0.4889387044114606
0.48895171342908994
0.4890078062335656
0.4883058353695415
0.4883058353695415
0.4883058353695415
0.4883058353695415
0.4883058353695415
0.4883058353695415
0.4883531086388485
0.4931886721039258
0.4931886721039258
0.4963453070094972
0.49600958935078415
0.4941528114170612
0.5000837376363443
0.5001041612990035
0.4833108682840469
0.48539795334276425
0.5203712302178296
0.5205860840709007
0.5212560653312087
0.5235556517223592
0.5235556517223592
0.5251048500273353
0.5251048500273353
0.5390165599724246
0.539438446285699
0.539438446285699
0.539438446285699
0.539438446285699
0.5390320242917989
0.5268215953101979
0.5268215953101979
0.564514134837399
0.564514134837399
0.5645870109060611
0.5742373292456981
0.5740192033518465
0.5740192033518465
0.5748549797160137
0.576950665931799
0.5771352009379109
0.5798106213466304
0.5798106213466304
0.5798106213466304
0.5422122055613791
0.5422516057574543
0.5422516057574543
0.5393617426154954
0.5393617426154954
0.5394209938055324
0.5394209938055324
0.5394209938055324
0.5389380344338828
0.540721267889864
0.5408708691756365
0.5402848759213484
0.5402848759213484
0.5359483135012293
0.5400922997133923
0.5357786209758618
0.5365581267609505
0.5365581267609505
0.5363820575031099
0.5370142494995631
0.5303451139620621
0.530623033161397
0.5311099367064719
0.5300538317104635
0.5307618053236313
0.53399442829033
0.53399442829033
0.5336665449499696
0.5344214102111449
0.5341786069360107
0.5341786069360107
0.5341786069360107
0.5341786069360107
0.527629249717505
0.561788368351321
0.5500008863126616
0.5734787704995711
0.5753969936472866
0.5753969936472866
0.5753969936472866
0.5705622440967965
0.5705622440967965
0.5706175257182177
0.5767121177639049
0.5778181989495265
0.5779814360098013
0.5797340958042553
0.5825194305433387
0.5825194305433387
0.5766264827927275
0.5766264827927275
0.5766264827927275
0.5766264827927275
0.5766264827927275
0.6059947346842125
0.6062741596684575
0.6062741596684575
0.6076787160258623
0.6117512607975655
0.6117512607975655
0.6116114160300781
0.6116114160300781
0.6137703675131457
0.6137703675131457
0.6137703675131457
0.6137703675131457
0.6138567339560542
0.5857449476874841
0.5857449476874841
0.5871504268877084
0.590742319536205
0.590742319536205
0.590742319536205
0.6001822695503947
0.6001822695503947
0.6193768958782276
0.6184090280822903
0.6184090280822903
0.6194627987493101
0.6252516893181148
0.6264162790253575
0.6264162790253575
0.6259814392188452
0.6259814392188452
0.6614918283151124
0.6614918283151124
0.6574098103300536
0.6574098103300536
0.6563240392603331
0.6564091708345046
0.661428310805
0.661428310805
0.6506944702647317
0.6506944702647317
0.6703476576467096
0.6703476576467096
0.6703476576467096
0.6705478443767371
0.6705478443767371
0.6705478443767371
0.6705478443767371
0.6707156026689728
0.6707156026689728
0.6711720827824423
0.6619643954660832
0.6643635573460029
0.6643635573460029
0.6648422451493023
0.6512585040099144
0.6512585040099144
0.6512585040099144
0.65270075335919
0.6531588327933097
0.6531588327933097
0.6531588327933097
0.6540576072060456
0.6551174386105002
0.6741932091087299
0.6751305253684058
0.6797682114580603
0.6797682114580603
0.6876047890711405
0.6876047890711405
0.6876047890711405
0.687645882959338
0.6872500998234006
0.6872500998234006
0.6872500998234006
0.6872500998234006
0.6872500998234006
0.6840935033374677
0.6840935033374677
0.6840935033374677
0.6840935033374677
0.6812324146957476
0.6812324146957476
0.6823834498793051
0.6754032472591828
0.6755963171343695
0.6721868418999035
0.6720417779861649
0.6755486039515909
0.6756013966937993
0.6779011490505913
0.6796254869227412
0.6860086564424905
0.6860086564424905
0.6860086564424905
0.6873236145579186
0.695856770872377
0.6992140000825735
0.6992140000825735
0.6992140000825735
0.6992140000825735
0.7013576241183894
0.7013576241183894
0.6817938963371727
0.6818764434324921
0.6818764434324921
0.6818764434324921
0.6912622756286084
0.6912622756286084
0.6820852604987342
0.6820852604987342
0.6911802695235238
0.6911802695235238
0.6916155232024039
0.6926186330513227
0.6926186330513227
0.6926186330513227
0.6857364118274389
0.6866816367737371
0.6866816367737371
0.6866816367737371
0.6866816367737371
0.6895407951518373
0.6895407951518373
0.691193826552497
0.6770114137320002
0.6770114137320002
0.6770114137320002
0.6770114137320002
0.6770114137320002
0.6770114137320002
0.6780913668069591
0.679084694191028
0.679084694191028
0.679084694191028
0.679084694191028
0.6768814865844703
0.6771362990482883
0.6789477332219132
0.6739883055244228
0.6803093691591806
0.6817968627746536
0.6798026214432862
0.6798026214432862
0.676528278189222
0.6772202171917253
0.6759472138578505
0.6759472138578505
0.6759472138578505
0.6690841090340545
0.6690841090340545
0.6725291241949558
0.6794914313047623
0.6498147631002672
0.6555231814045845
0.6558799503593115
0.6559449149690166
0.6559449149690166
0.6559449149690166
0.6559449149690166
0.6559449149690166
0.6559449149690166
0.6559449149690166
0.6603578253464987
0.6603578253464987
0.6611562657003126
0.6631194321148963
0.6631194321148963
0.6634948047782289
0.6634948047782289
0.663733323669388
0.6644834929665155
0.6726242154130616
0.6732198379395058
0.6732198379395058
0.6858632378971179
0.6858632378971179
0.6808478129075268
0.6883883454592601
0.6883883454592601
0.6898496223854749
0.6898496223854749
0.6896776012507018
0.6920473427079896
0.6972206224621329
0.6972206224621329
0.6971782912306195
0.6975331836320587
0.6975331836320587
0.7007947530165719
0.7007947530165719
0.7007947530165719
0.7007947530165719
0.7017213318992217
0.7017731566781676
0.7017731566781676
0.7017731566781676
0.7017731566781676
0.7017731566781676
0.7017731566781676
0.7017731566781676
0.6992882118758532
0.6992882118758532
0.7005393065084564
0.7005957617167166
0.7005957617167166
0.7007744237544732
0.7012711458568783
0.7012711458568783
0.7012711458568783
0.70002567269905
0.7020500304069571
0.7020500304069571
0.7034529638376569
0.7034529638376569
0.7035880975435296
0.7035880975435296
0.7047733142984356
0.7047733142984356
0.7047733142984356
0.7047733142984356
0.7047733142984356
0.7034687185356915
0.7034687185356915
0.7034687185356915
0.7034687185356915
0.7034687185356915
0.7048877676593734
0.7048877676593734
0.7048877676593734
0.7048877676593734
0.7112058204456821
0.7112202151519587
0.7112202151519587
0.7112202151519587
0.724028339914204
0.724028339914204
0.7256408731339575
0.7256408731339575
0.7336496777769314
0.734056237625211
0.736374924979557
0.736374924979557
0.736374924979557
0.736374924979557
0.736374924979557
0.736374924979557
0.736374924979557
0.736374924979557
0.7363945174313168
0.7363945174313168
0.7363945174313168
0.7363945174313168
0.7363945174313168
0.7520603348205852
0.760545428414152
0.7955100027868695
0.7955100027868695
0.8130260611514144
0.8167918465457032
0.8167918465457032
0.8167918465457032
0.8167918465457032
0.8166622200161798
0.8054603188303651
0.8165669348836069
0.8165669348836069
0.8167763499773831
0.8167763499773831
0.8206139890572551
0.8203714013055455
0.8203714013055455
0.8215127322153829
0.8215127322153829
0.8215323583375423
0.8223557222226402
0.8223557222226402
0.8234712454947579
0.8101624767853932
0.8101624767853932
0.8112005368528222
0.8112005368528222
0.8112005368528222
0.8112005368528222
0.8126377671058949
0.8126377671058949
0.8126377671058949
0.8126377671058949
0.8126377671058949
0.8621092620887008
0.8621092620887008
0.8621092620887008
0.8621092620887008
0.8621092620887008
0.8652655565594322
0.8689733571560957
0.8689733571560957
0.8689733571560957
0.8689733571560957
0.8689733571560957
0.8689733571560957
0.8692388210869352
0.8692388210869352
0.8692388210869352
0.8692388210869352
0.8692388210869352
0.8694129023924981
0.8729281226561478
0.8730657462252106
0.8742749328722199
0.8742749328722199
0.8742749328722199
0.8742749328722199
0.9073622434507498
0.907748738292723
0.907748738292723
0.907748738292723
0.907748738292723
0.9072890321902983
0.8909185135974498
0.8931564241013646
0.8931564241013646
0.8931564241013646
0.8931564241013646
0.8948050256254392
0.8954031899075969
0.8962531697708411
0.89651735023137
0.89651735023137
0.8969307225306402
0.8969307225306402
0.9076897680206627
0.9076897680206627
0.9076897680206627
0.9076897680206627
0.9076897680206627
0.9076897680206627
0.9162750452661333
0.9162750452661333
0.9162750452661333
0.9162750452661333
0.8829179805086912
0.8829179805086912
0.8933030987829953
0.8904034260288094
0.8950107594999254
0.8950107594999254
0.8950107594999254
0.8978901570995
0.8978901570995
0.8978901570995
0.8978901570995
0.8978901570995
0.8921027630984241
0.8936808434546555
0.8936808434546555
0.8958659939354952
0.8975260757373827
0.8980592920708933
0.8980592920708933
0.8980592920708933
0.8984669976074745
0.9063448546211931
0.9063448546211931
0.9063448546211931
0.9063448546211931
0.9063448546211931
0.9063448546211931
0.9063448546211931
0.9063448546211931
0.9063448546211931
0.9065723088247015
0.9065723088247015
0.9189894162164303
0.9189894162164303
0.9189894162164303
0.9189894162164303
0.9189894162164303
0.9208320379580155
0.925954228148188
0.9262687078897642
0.9262687078897642
0.9269872104506821
0.9269872104506821
0.9269872104506821
0.8926206973754184
0.8926206973754184
0.8926206973754184
0.8926206973754184
0.8926206973754184
0.9323095007416379
0.9345676983809046
0.9345676983809046
0.9345676983809046
0.9346664646768955
0.9346664646768955
0.9346664646768955
0.9346664646768955
0.9385683334197196
0.9385683334197196
0.9385683334197196
0.9386378137449112
0.9400292114176039
0.9400292114176039
0.9400292114176039
0.9400292114176039
0.9400292114176039
0.9400292114176039
0.9400292114176039
0.9400292114176039
0.9400292114176039
0.9400292114176039
0.9400292114176039
0.9400292114176039
0.9400292114176039
0.9400292114176039
0.9190486466959936
0.9190486466959936
0.9204911265242347
0.9385962595467275
0.9385962595467275
0.9385962595467275
0.9385962595467275
0.9483083909875266
0.9483083909875266
0.9483083909875266
0.9483083909875266
0.9483083909875266
0.9483083909875266
0.9483083909875266
0.9485280395001727
0.9485280395001727
0.9485280395001727
0.9485280395001727
0.9485280395001727
0.9485280395001727
0.9485280395001727
0.9485280395001727
0.9485280395001727
0.9485280395001727
0.9485280395001727
0.9485280395001727
0.9485280395001727
0.9485280395001727
0.9485280395001727
0.9485280395001727
0.9485280395001727
0.9485280395001727
0.9486172862037539
0.9486172862037539
0.9495064445400937
0.9495064445400937
0.9495064445400937
0.9496091086270095
0.9206954525719998
0.9209885904881814
0.9290211409218462
0.9290211409218462
0.9497962880870342
0.9497962880870342
0.9497962880870342
0.9497962880870342
0.9503072000481099
0.9503072000481099
0.9503072000481099
0.9503072000481099
0.9503072000481099
0.9503072000481099
0.9504676282122665
0.9507645723562957
0.9507645723562957
0.9512119306218755
0.9512119306218755
0.9512119306218755
0.9512119306218755
0.9512119306218755
0.9512119306218755
0.9512119306218755
0.9512119306218755
0.9512119306218755
0.9512119306218755
0.9512119306218755
0.9514912267621692
0.9515374273703185
0.9515374273703185
0.9515374273703185
0.9515374273703185
0.9515374273703185
0.9515374273703185
0.9515374273703185
0.9515374273703185
0.9515374273703185
0.9430553696621125
0.9430553696621125
0.9430643068713773
0.9430643068713773
0.9430643068713773
0.9430643068713773
0.9430643068713773
0.9433405799231698
0.9433405799231698
0.9433405799231698
0.9468497834849411
0.9506263213098028
0.9506263213098028
0.9516120147642495
0.9516120147642495
0.9516120147642495
0.9517453926868394
0.9517453926868394
0.9517453926868394
0.9517453926868394
0.9517734001031822
0.9517734001031822
0.9517734001031822
0.9518429534270395
0.9518429534270395
0.9518429534270395
0.9518429534270395
0.9518477165320636
0.9518477165320636
0.9518477165320636
0.9518477165320636
0.9518477165320636
0.9518477165320636
0.9518477165320636
0.9518477165320636
0.9518477165320636
0.9518477165320636
0.9518477165320636
0.9518477165320636
0.9518477165320636
0.9518477165320636
0.9518477165320636
0.9517900711823986
0.9517900711823986
0.9517900711823986
0.9517900711823986
0.9517900711823986
0.9517900711823986
0.9517900711823986
0.9517900711823986
0.9517900711823986
0.952375092431924
0.9528165354470953
0.9529227653580961
0.9531566748537825
0.9537312423601283
0.9537312423601283
0.9537312423601283
0.9537312423601283
0.9537312423601283
0.9537312423601283
0.9537312423601283
0.9537312423601283
0.9537312423601283
0.9538650826229592
0.9538650826229592
0.9538650826229592
0.9538650826229592
0.9538650826229592
0.9538650826229592
0.9538650826229592
0.9538650826229592
0.9538650826229592
0.9538650826229592
0.9538650826229592
0.9538650826229592
0.9538650826229592
0.9538650826229592
0.9538935329217622
0.9538935329217622
0.9489289170668904
0.9489289170668904
0.9489289170668904
0.9489289170668904
0.9489289170668904
0.9489289170668904
0.9489289170668904
0.9489289170668904
0.9495752687146621
0.9514323230624994
0.9514323230624994
0.9514323230624994
0.9514323230624994
0.9514323230624994
0.9514323230624994
0.9514323230624994
0.9514323230624994
0.9514323230624994
0.9517396880661925
0.9517396880661925
0.9517816826069646
0.9519261074524427
0.9519261074524427
0.9524361854775095
0.9524770134409912
0.9524770134409912
0.9524770134409912
0.9524770134409912
0.9524770134409912
0.9524770134409912
0.9524770134409912
0.952484833627438
0.952484833627438
0.952484833627438
0.952484833627438
0.952484833627438
0.9521811037416064
0.9521811037416064
0.9521811037416064
0.9521811037416064
0.9521811037416064
0.9521811037416064
0.9521811037416064
0.9521811037416064
0.9521811037416064
0.9521811037416064
0.9521811037416064
0.9521811037416064
0.9521811037416064
0.9521811037416064
0.9521811037416064
0.9521811037416064
0.952288803815526
0.952288803815526
0.952288803815526
0.952288803815526
0.952288803815526
0.952288803815526
0.952288803815526
0.952288803815526
0.952288803815526
0.952288803815526
0.952288803815526
0.952288803815526
0.952288803815526
0.9524017787410618
0.9524115113922873
0.9524115113922873
0.953337853278345
0.953337853278345
0.953337853278345
0.953337853278345
0.9292519498037234
0.9292519498037234
0.9292519498037234
0.9494314710120955
0.9494314710120955
0.9494314710120955
0.9494314710120955
0.9494314710120955
0.9494314710120955
0.9494314710120955
0.9494314710120955
0.9494314710120955
0.9529013008204552
0.9529013008204552
0.9529013008204552
0.9529013008204552
0.9529013008204552
0.9529013008204552
0.9530390669766305
0.9530390669766305
0.9530390669766305
0.9533297108299011
0.9537594194579008
0.9538072484324372
0.9538072484324372
0.9538072484324372
0.9538298901505119
0.9538298901505119
0.9538298901505119
0.9538298901505119
0.9538298901505119
0.9538298901505119
0.9538298901505119
0.9538298901505119
0.9538298901505119
0.9538298901505119
0.9538298901505119
0.9538298901505119
0.9538298901505119
0.9538298901505119
0.9538298901505119
0.9538298901505119
0.9538298901505119
0.9538298901505119
0.9538298901505119
0.9538298901505119
0.9538298901505119
0.9538298901505119
0.9538298901505119
0.9538298901505119
0.9538298901505119
0.9538298901505119
0.9538298901505119
0.9538298901505119
0.9538298901505119
0.9538298901505119
0.9538298901505119
0.9538298901505119
0.9538298901505119
0.9538298901505119
0.9538298901505119
0.9538298901505119
0.9538298901505119
0.9538298901505119
0.9538543618332627
0.9538543618332627
0.9538543618332627
0.9538037741399682
0.9538037741399682
0.9538037741399682
0.9538037741399682
0.9538037741399682
0.9538037741399682
0.9538037741399682
0.9538037741399682
0.9538169218323548
0.9538169218323548
0.9538169218323548
0.9538169218323548
0.9538169218323548
0.9538169218323548
0.9538169218323548
0.9538169218323548
0.9538539652508994
0.9538539652508994
0.9538539652508994
0.9538539652508994
0.9538539652508994
0.9538539652508994
0.9538539652508994
0.9538539652508994
0.9538539652508994
0.9538539652508994
0.9538906976391199
0.9539061949043086
0.9539061949043086
0.9539143343208387
0.9539143343208387
0.9539143343208387
0.9539143343208387
0.9539143343208387
0.9539143343208387
0.9539284190192423
0.9539284190192423
0.9539284190192423
0.9539284190192423
0.9539284190192423
0.9539284190192423
0.9539284190192423
0.9539284190192423
0.9539284190192423
0.9539284190192423
0.9539284190192423
0.9539284190192423
0.9539284190192423
0.9539284190192423
0.9539284190192423
0.9539284190192423
0.9539284190192423
0.9539284190192423
0.9539284190192423
0.9539284190192423
0.9539284190192423
0.9539284190192423
0.9539284190192423
0.9539284190192423
0.9539284190192423
0.9539284190192423
0.9539284190192423
0.9539284190192423
0.9539284190192423
0.9539284190192423
0.9539284190192423
0.9539284190192423
0.9539284190192423
0.9539284190192423
0.9539284190192423
0.9539284190192423
0.9539284190192423
0.9539284190192423
0.9539284190192423
0.9539284190192423
0.9539284190192423
0.9539284190192423
0.9539284190192423
0.9539284190192423
0.9539284190192423
0.9539312035332221
0.9539312035332221
0.9539312035332221
0.9539312035332221
0.9539312035332221
0.9539312035332221
0.9539312035332221
0.9539312035332221
0.9539312035332221
0.9539312035332221
0.9539312035332221
0.9539312035332221
0.9539312035332221
0.9539312035332221
0.9539312035332221
0.9539312035332221
0.9539312035332221
0.9539312035332221
0.9539312035332221
0.9539312035332221
0.9539312035332221
0.9539312035332221
0.9539312035332221
0.9539312035332221
0.9539312035332221
0.9539312035332221
0.9539312035332221
0.9539312035332221
0.9539312035332221
0.9539312035332221
0.9539312035332221
0.9539312035332221
0.9539547087013422
0.9539755022321336
0.9539755022321336
0.9539755022321336
0.9539755022321336
0.9539755022321336
0.9539801023345215
0.9539801023345215
0.9539801023345215
0.9539801023345215
0.9539801023345215
0.9539801023345215
0.9539801023345215
0.9539843886987918
0.9540391078742682
0.9540391078742682
0.9540391078742682
0.9540391078742682
0.9540391078742682
0.9540391078742682
0.9540391078742682
0.9540391078742682
0.9540391078742682
0.9540391078742682
0.9540391078742682
0.9540391078742682
0.9540391078742682
0.9540391078742682
0.9540391078742682
0.9540391078742682
0.9540391078742682
0.9540504083543794
0.9540504083543794
0.9540504083543794
0.9540504083543794
0.9540504083543794
0.9540504083543794
0.9540504083543794
0.9540504083543794
0.9540504083543794
0.9540504083543794
0.9540566166704525
0.9540566166704525
0.9540566166704525
0.9540566166704525
0.9540566166704525
0.9541139389722428
0.9541139389722428
0.9541139389722428
0.9541175947191665
0.9541175947191665
0.9541175947191665
0.9541175947191665
0.9541175947191665
0.9541175947191665
0.9541175947191665
0.9541175947191665
0.9541175947191665
0.9541175947191665
0.9541175947191665
0.9541175947191665
0.9541175947191665
0.9541175947191665
0.9541175947191665
0.9541175947191665
0.9541175947191665
0.9541175947191665
0.9541175947191665
0.9541175947191665
0.9541175947191665
0.9541175947191665
0.9541175947191665
0.9541191445033981
0.9541191445033981
0.9541191445033981
0.9541191445033981
0.9541191445033981
0.9541191445033981
