0.8362938107592461
0.8362938107592461
0.8362938107592461
0.83221882960274
0.8389694191871946
0.84089477543466
0.8413265587329257
0.8448994572886963
0.8448994572886963
0.8451390513271326
0.8451390513271326
0.8463291901297629
0.8463291901297629
0.8470345547847719
0.8490126982652838
0.8490126982652838
0.8493917996217125
0.8528386640512327
0.8528386640512327
0.8544635302337216
0.8544635302337216
0.8545563836447215
0.8545563836447215
0.8545563836447215
0.856623757083181
0.856623757083181
0.856623757083181
0.856623757083181
0.856623757083181
0.856623757083181
0.8566421822355613
0.8566421822355613
0.8566421822355613
0.8566421822355613
0.8566421822355613
0.8566421822355613
0.8566421822355613
0.8566421822355613
0.8566421822355613
0.8566421822355613
0.8567146564516749
0.8567146564516749
0.8567146564516749
0.856967248817875
0.856967248817875
0.8571319736378502
0.8571319736378502
0.8576510245326262
0.8576510245326262
0.8576510245326262
0.8576510245326262
0.8576191542670323
0.8577085414409623
0.8578688570538188
0.8448130092328139
0.8448130092328139
0.8448130092328139
0.8447624524317734
0.8447624524317734
0.8447624524317734
0.8447624524317734
0.8275507009247546
0.8292581394315052
0.8292581394315052
0.8293345554717995
0.8293345554717995
0.8258469120301712
0.8258469120301712
0.822981229581167
0.823819816875514
0.823819816875514
0.824829408681266
0.824829408681266
0.8251345945601106
0.8251345945601106
0.8251345945601106
0.8251345945601106
0.8009420709266594
0.8009420709266594
0.8065717468364952
0.8065717468364952
0.8071410063900093
0.8168154246519302
0.8168154246519302
0.8168154246519302
0.8168154246519302
0.8160810236839983
0.8166902757059006
0.8196023086475956
0.8196023086475956
0.8223164200557523
0.8239723361733662
0.8299032804729252
0.8305139722792743
0.8333322229062669
0.8333322229062669
0.8333322229062669
0.8333322229062669
0.8333322229062669
0.8336423900380218
0.8335733966587884
0.8401461818470157
0.8405222367514017
0.8405222367514017
0.8405222367514017
0.8409549631919047
0.8412165521422365
0.8412165521422365
0.8412165521422365
0.8419983908733293
0.8473098299348565
0.8473098299348565
0.8473098299348565
0.8473098299348565
0.8468426055548965
0.8468426055548965
0.8468426055548965
0.8468426055548965
0.8468426055548965
0.8468426055548965
0.8468426055548965
0.8473632276454405
0.847630007940234
0.8479694072853651
0.8479694072853651
0.8437531705134282
0.8437531705134282
0.843747719102915
0.843747719102915
0.8428316836014188
0.8495149395381318
0.8495149395381318
0.8490268728455409
0.8490268728455409
0.8490268728455409
0.8568185016699106
0.8481332566614784
0.8487881277454797
0.8490021661884024
0.8491963090065502
0.8498520359773638
0.8498520359773638
0.8498520359773638
0.8498520359773638
0.8498520359773638
0.8498520359773638
0.850483137120689
0.850483137120689
0.8521606557156493
0.8529169355989965
0.8528725706780677
0.8528725706780677
0.8470332653262359
0.8515487348490628
0.8553217589367264
0.8553217589367264
0.8554237874423543
0.8554237874423543
0.8554237874423543
0.855541374042527
0.855541374042527
0.8544440334870657
0.8545261646986075
0.8545261646986075
0.8545261646986075
0.8547387183367653
0.8547387183367653
0.8548756529116069
0.8582115523576002
0.8582115523576002
0.8582115523576002
0.8582115523576002
0.8582115523576002
0.8582734013390505
0.8582734013390505
0.8583057399346716
0.8583057399346716
0.8583057399346716
0.8583057399346716
0.8583057399346716
0.8583057399346716
0.8584659785897227
0.8584065983839163
0.8584065983839163
0.8584065983839163
0.8584065983839163
0.8590962420796696
0.8590962420796696
0.8597479709976044
0.8597479709976044
0.8597479709976044
0.8597479709976044
0.8597479709976044
0.8597479709976044
0.8599899113544863
0.8599899113544863
0.8599899113544863
0.8603951490073136
0.8603951490073136
0.8603951490073136
0.8603951490073136
0.8603951490073136
0.8603951490073136
0.8603951490073136
0.8605745184331781
0.8605745184331781
0.8605745184331781
0.8605745184331781
0.8605745184331781
0.8605994830836525
0.8605994830836525
0.8605994830836525
0.8605994830836525
0.8606159445229894
0.8606159445229894
0.8606159445229894
0.860989165707197
0.860989165707197
0.8497664536285598
0.8322515504471224
0.8322515504471224
0.8326961364931376
0.8326961364931376
0.8326961364931376
0.8359600534772912
0.8359600534772912
0.8359600534772912
0.8359600534772912
0.8359600534772912
0.8361266207130387
0.8363149465510877
0.8363149465510877
0.8333777756579932
0.8339139587758182
0.8195446599169866
0.8334909061680476
0.8334909061680476
0.8334909061680476
0.8334909061680476
0.8345037903980757
0.834795751010855
0.8356236886294439
0.8363696356281518
0.8363696356281518
0.8483172136030097
0.8483172136030097
0.8483172136030097
0.8483172136030097
0.8483172136030097
0.8506273732974382
0.8524343195005218
0.8524343195005218
0.8524501937113216
0.8524501937113216
0.8470962319311514
0.8470962319311514
0.8470962319311514
0.8470962319311514
0.8477709794795605
0.8489247105418322
0.8489247105418322
0.8489247105418322
0.8489247105418322
0.8489247105418322
0.8491331590336846
0.8484166799381029
0.8484166799381029
0.8498839476135774
0.8503772081096378
0.8503772081096378
0.8576051364176133
0.8574742730035709
0.8574742730035709
0.8574742730035709
0.8574742730035709
0.833459361199474
0.8335914590964635
0.8335914590964635
0.8338371283945347
0.8338371283945347
0.8339220823421314
0.8339220823421314
0.8339220823421314
0.8356784228885676
0.8357441881435668
0.8364548848691266
0.8366186270749025
0.8366186270749025
0.8366186270749025
0.8366186270749025
0.8366186270749025
0.8366186270749025
0.8367756089739612
0.8367756089739612
0.8367756089739612
0.8367756089739612
0.8374351252344838
0.83785980826241
0.8381702776207667
0.8389443537877883
0.8395128031611808
0.8395128031611808
0.8395128031611808
0.8397101584467435
0.8391195247038709
0.8320634343727255
0.8326168039490558
0.8326168039490558
0.8335551337417346
0.8335551337417346
0.8338823923210066
0.8338684729408438
0.8338684729408438
0.8338684729408438
0.8339295390473244
0.8347218678210209
0.8351314914998944
0.8511111005713099
0.8515839109815123
0.8515886623453793
0.8515886623453793
0.8515886623453793
0.8516772216505673
0.8497566992572932
0.8506217096297566
0.8506217096297566
0.8506217096297566
0.8506217096297566
0.8506217096297566
0.8506217096297566
0.8515966970643911
0.8515966970643911
0.8531525513660675
0.8531525513660675
0.8509168290757635
0.8517405424695125
0.8466818241801304
0.8474696832775983
0.8532469385920355
0.8566338615284427
0.8570897385003403
0.8570897385003403
0.8569350587070218
0.8589494701038302
0.8589494701038302
0.8589494701038302
0.8589494701038302
0.8589494701038302
0.8589494701038302
0.8589494701038302
0.8593746135155804
0.8594554875141505
0.8594554875141505
0.8594554875141505
0.8592525210820484
0.858918049730737
0.858918049730737
0.858918049730737
0.858950569763354
0.858950569763354
0.858950569763354
0.8592523689388719
0.8592631044781746
0.8592631044781746
0.8593806331324512
0.8593806331324512
0.8595795416732886
0.8595795416732886
0.8595795416732886
0.8595795416732886
0.8595795416732886
0.8595795416732886
0.8616496278106064
0.8616496278106064
0.8616496278106064
0.8616496278106064
0.8616496278106064
0.8616496278106064
0.8616496278106064
0.8616712674620582
0.8616796492698989
0.8617603565767032
0.8622251236930191
0.8622251236930191
0.8622251236930191
0.8622337943052722
0.8622337943052722
0.8622337943052722
0.8624860014832127
0.8630423372034431
0.8630423372034431
0.8630423372034431
0.8630423372034431
0.8630423372034431
0.8574989173460853
0.8574989173460853
0.8574989173460853
0.8576548376551526
0.8576548376551526
0.8576548376551526
0.8576548376551526
0.8576548376551526
0.8555032742976418
0.8556435833816478
0.8563903748165325
0.8563903748165325
0.857065311499551
0.8571685005816729
0.8573214241095575
0.8573214241095575
0.8576581811146077
0.8579802901587749
0.8579802901587749
0.8582203243092698
0.8525378788869976
0.8525378788869976
0.8525378788869976
0.8530016759936174
0.8537556085103324
0.8570363712979893
0.8570363712979893
0.859566938465682
0.8596911255264107
0.8598379571158343
0.8602340153014016
0.8602340153014016
0.8602340153014016
0.8605522933115978
0.8605522933115978
0.8605522933115978
0.8605522933115978
0.8605522933115978
0.8606693064539341
0.8606693064539341
0.8606804039943734
0.8606975799930593
0.8606975799930593
0.8403926395707796
0.8403926395707796
0.8403926395707796
0.8404322788539078
0.8404322788539078
0.8415697608664363
0.8415697608664363
0.8415697608664363
0.8423148264206376
0.8423148264206376
0.8423148264206376
0.8423148264206376
0.84295904630024
0.84295904630024
0.84295904630024
0.8583246064434756
0.8588287263937022
0.8606511837689117
0.8606511837689117
0.8606511837689117
0.8606511837689117
0.8606511837689117
0.8606511837689117
0.8606511837689117
0.8606511837689117
0.8606511837689117
0.8606511837689117
0.861291361079279
0.8607182506495075
0.8607182506495075
0.8607182506495075
0.8607182506495075
0.860937478916191
0.861026769076253
0.861026769076253
0.861026769076253
0.861026769076253
0.861026769076253
0.861026769076253
0.861026769076253
0.861026769076253
0.861026769076253
0.8581673428674754
0.8581673428674754
0.8613779185777489
0.8613779185777489
0.8613815143145885
0.8613815143145885
0.8613815143145885
0.8613815143145885
0.8613815143145885
0.8613815143145885
0.8613815143145885
0.8616883923640359
0.8616883923640359
0.8616883923640359
0.8617306834982329
0.8617306834982329
0.8617306834982329
0.8617306834982329
0.8617306834982329
0.8617306834982329
0.8617306834982329
0.8617306834982329
0.8617306834982329
0.8617306834982329
0.8617306834982329
0.8618093362894115
0.8622979387786208
0.8623818330117303
0.8623818330117303
0.8623818330117303
0.8623818330117303
0.8623818330117303
0.8623818330117303
0.8623818330117303
0.8624156608917927
0.8624156608917927
0.8624156608917927
0.8626059432596934
0.8626059432596934
0.8583418755344973
0.8604303890787596
0.8604303890787596
0.8604303890787596
0.8625209071667076
0.8625209071667076
0.8625209071667076
0.8625235592596602
0.8626011205345236
0.8626011205345236
0.8626011205345236
0.8626011205345236
0.8626011205345236
0.8626011205345236
0.8626011205345236
0.8626011205345236
0.862603216179778
0.862603216179778
0.8628067616053031
0.8630350894982871
0.862300263845513
0.862300263845513
0.862300263845513
0.862300263845513
0.862300263845513
0.8623006353425096
0.8623006353425096
0.8623006353425096
0.8619880543682545
0.8619880543682545
0.8619880543682545
0.8619880543682545
0.8623905087638561
0.8624715244473564
0.8624715244473564
0.8624715244473564
0.862474605604276
0.862474605604276
0.8626199584778933
0.8626199584778933
0.8630147511708822
0.8630147511708822
0.8630147511708822
0.8630147511708822
0.8630147511708822
0.8630147511708822
0.8630147511708822
0.8630147511708822
0.8631571361095502
0.8631586582983123
0.8631854995993606
0.8631854995993606
0.8631854995993606
0.8631854995993606
0.8631854995993606
0.863197067467744
0.863197067467744
0.863197067467744
0.863197067467744
0.863197067467744
0.863197067467744
0.863197067467744
0.8630365816849835
0.8630686821602755
0.8619945038686726
0.8619945038686726
0.8619945038686726
0.8619945038686726
0.8621275576611772
0.8621275576611772
0.8621275576611772
0.8623142179867636
0.8623142179867636
0.8631111110933823
0.8631111110933823
0.8631111110933823
0.8631111110933823
0.8631111110933823
0.8631111110933823
0.8631111110933823
0.8631111110933823
0.8631111110933823
0.8631111110933823
0.8631111110933823
0.8631111110933823
0.8631111110933823
0.8631516256165918
0.8631516256165918
0.8631134612719791
0.8632193999800356
0.8632193999800356
0.8632193999800356
0.8632193999800356
0.8632193999800356
0.8632193999800356
0.8632193999800356
0.8632193999800356
0.8626303453067771
0.8626303453067771
0.8626303453067771
0.8626303453067771
0.8626303453067771
0.8626303453067771
0.8626417208805347
0.8626417208805347
0.8626417208805347
0.8626417208805347
0.8626417208805347
0.8626417208805347
0.8626417208805347
0.8626815196069504
0.8627047640358966
0.8627047640358966
0.8627047640358966
0.8629766829023495
0.8629766829023495
0.8629766829023495
0.8629766829023495
0.8629766829023495
0.8630335199703862
0.8630335199703862
0.8630875932867706
0.8630875932867706
0.8630875932867706
0.8630875932867706
0.8630875932867706
0.8630875932867706
0.8630875932867706
0.863101656485531
0.8631186633329707
0.8631186633329707
0.8631186633329707
0.8631186633329707
0.85974011443042
0.8600789067816956
0.8608484159743146
0.8608484159743146
0.8617139841763647
0.8617139841763647
0.8622147093976436
0.8622147093976436
0.8622147093976436
0.8622147093976436
0.8626245436109706
0.8626245436109706
0.8626245436109706
0.8626245436109706
0.8626245436109706
0.8626391257377136
0.8626391257377136
0.8626391257377136
0.8626391257377136
0.8628789025021716
0.8628789025021716
0.8628789025021716
0.8629725339605943
0.8629725339605943
0.8629725339605943
0.8629725339605943
0.8630273231233614
0.8627843630147225
0.8627843630147225
0.8632466980073976
0.8632466980073976
0.8632466980073976
0.8632466980073976
0.8632466980073976
0.8633124516171168
0.8633124516171168
0.8633124516171168
0.8633124516171168
0.8633699806171286
0.8633699806171286
0.8633699806171286
0.8633699806171286
0.8633699806171286
0.8633699806171286
0.8633699806171286
0.8633699806171286
0.8633699806171286
0.8633699806171286
0.8633699806171286
0.8633699806171286
0.8633707459712333
0.8633707459712333
0.8632437911295832
0.8632437911295832
0.8632437911295832
0.8632884137717676
0.8632884137717676
0.8633134101874876
0.8633134101874876
0.8633532915197555
0.8633532915197555
0.8633532915197555
0.863195872351859
0.863195872351859
0.8632182815821023
0.8632182815821023
0.8632740662042678
0.8632740662042678
0.8633518973436028
0.8633518973436028
0.8633536318490068
0.8633536318490068
0.8633536318490068
0.8633536318490068
0.8633536318490068
0.8633536318490068
0.8633536318490068
0.8633536318490068
0.8633536318490068
0.8633814300969208
0.8633814300969208
0.8633814300969208
0.8633814300969208
0.8633859689365235
0.8633859689365235
0.8633859689365235
0.8633859689365235
0.8633859689365235
0.8633859689365235
0.8633859689365235
0.8633859689365235
0.8633859689365235
0.8633859689365235
0.8633859689365235
0.8633859689365235
0.8633939048186732
0.8633939048186732
0.8633939048186732
0.8633939048186732
0.8633939048186732
0.8633939048186732
0.8633939048186732
0.8633939048186732
0.8632526652936118
0.8632526652936118
0.8634427615203694
0.8634427615203694
0.8634427615203694
0.863495415685949
0.8634984984919443
0.8634984984919443
0.8634984984919443
0.8634984984919443
0.8634984984919443
0.8634984984919443
0.8631351132353916
0.8634231758523606
0.8634231758523606
0.8634231758523606
0.8634231758523606
0.8634231758523606
0.8634231758523606
0.8634231758523606
0.8634231758523606
0.8634231758523606
0.8634200393884465
0.8634200393884465
0.8634200393884465
0.8634200393884465
0.8634200393884465
0.8634200393884465
0.8634200393884465
0.8634200393884465
0.8634200393884465
0.8634200393884465
0.8634200393884465
0.8634228732473321
0.8634228732473321
0.8634228732473321
0.8634228732473321
0.8634228732473321
0.8634228732473321
0.8634228732473321
0.8634228732473321
0.8634228732473321
0.8634228732473321
0.8634228732473321
0.8634228732473321
0.8634228732473321
0.8634228732473321
0.8634228732473321
0.8634228732473321
0.8634228732473321
0.8634228732473321
0.8634228732473321
0.8634228732473321
0.8634228732473321
0.8634510148318826
0.8634510148318826
0.8634510148318826
0.8634510148318826
0.8634510148318826
0.8634510148318826
0.8634851596660371
0.8634851596660371
0.8634851596660371
0.8634851596660371
0.8634851596660371
0.8634851596660371
0.8633949623191765
0.8625478217433589
0.8625478217433589
0.8625478217433589
0.8625478217433589
0.8625478217433589
0.8625478217433589
0.8625478217433589
0.8625478217433589
0.8625478217433589
0.8625478217433589
0.8625478217433589
0.8625478217433589
0.8625478217433589
0.8625478217433589
0.8625478217433589
0.8625478217433589
0.8625478217433589
0.8625478217433589
0.8625478217433589
0.8625478217433589
0.8634557518813017
0.863463275639388
0.8635132644653083
0.8635132644653083
0.8635132644653083
0.8635132644653083
0.8635132644653083
0.8635233313605599
0.8635233313605599
0.8635233313605599
0.8635233313605599
0.8635233313605599
0.8635233313605599
0.8635233313605599
0.8635233313605599
0.8635233313605599
0.8635233313605599
0.8635233313605599
0.8635233313605599
0.8635233313605599
0.8635431730891369
0.8635431730891369
0.8635431730891369
0.8635431730891369
0.8635431730891369
0.8635431730891369
0.8635431730891369
0.8635431730891369
0.8635431730891369
0.8635431730891369
0.8635431730891369
0.8635431730891369
0.8635431730891369
0.8635431730891369
0.8635431730891369
0.8635431730891369
0.8635431730891369
0.8635431730891369
0.8635570884031464
0.8635570884031464
0.8635570884031464
0.8635570884031464
0.8635570884031464
0.8635570884031464
0.8635570884031464
0.8635570884031464
0.8635570884031464
0.8635589705173983
0.8635589705173983
0.8635623603645134
0.8635623603645134
0.8635623603645134
0.8634175915262865
0.8632583779521465
0.8632583779521465
0.8632583779521465
0.8632583779521465
0.8632583779521465
0.8632583779521465
0.8623279680819943
0.8623279680819943
0.8623279680819943
0.8623916040006795
0.8623916040006795
0.8623916040006795
0.8623916040006795
0.8624095449431406
0.8624095449431406
0.8624095449431406
0.86316190224343
0.86316190224343
0.86316190224343
0.86316190224343
0.86316190224343
0.8632490798905786
0.8632490798905786
0.8632490798905786
0.8632490798905786
0.8632490798905786
0.8632490798905786
0.8632490798905786
0.8632490798905786
0.8632490798905786
0.8632490798905786
0.8632490798905786
0.829448992678808
0.829448992678808
0.829448992678808
0.829448992678808
0.829448992678808
0.829448992678808
0.829448992678808
0.829448992678808
0.829448992678808
0.8301636950043061
0.8303066691045304
0.8303066691045304
0.8303066691045304
0.8303066691045304
0.8373662419047252
0.8395096303539427
0.8611741659868557
0.8628425134133266
0.8630831985382301
0.8630003243271517
0.8630934642198479
0.8630934642198479
0.8630934642198479
0.8630934642198479
0.8631931149109815
0.8631931149109815
0.8631931149109815
0.8631931149109815
0.8631931149109815
0.8631931149109815
0.8631931149109815
0.8631931149109815
0.8632988256781771
0.8632988256781771
0.8632988256781771
0.8632988256781771
0.8632988256781771
0.8632988256781771
0.8632988256781771
0.8632988256781771
0.8632988256781771
0.8632988256781771
0.8633490058501988
0.8633490058501988
0.8633490058501988
0.8633490058501988
0.8633539752301311
0.8633539752301311
0.8633539785838781
0.8633539785838781
0.8633539785838781
0.8618598393991862
0.8618598393991862
0.8618598393991862
0.8618598393991862
0.8618598393991862
0.8618598393991862
0.8620455267906231
0.8620455267906231
0.8620455267906231
0.8620455267906231
0.8620455267906231
0.8620953816133063
0.8630080090576859
0.8630080090576859
0.8633092501558269
0.8633092501558269
0.8633092501558269
0.8633092501558269
0.8633612690399846
0.8633612690399846
0.8633612690399846
0.8633612690399846
0.8633612690399846
