0.4261868188683232
0.4261868188683232
0.4261868188683232
0.4269177408785955
0.43076718724217394
0.4343713834985727
0.4345120024240217
0.4318847807943233
0.4318847807943233
0.4335371348901676
0.43691357987690255
0.43861991582225707
0.44267506029843456
0.4486073297665726
0.44902808052667154
0.4502078258760655
0.4406096531144461
0.4425919073051174
0.4467153440867391
0.4515594790899492
0.4358792314728153
0.46231432311104736
0.46231432311104736
0.45387084578716547
0.45387084578716547
0.45387084578716547
0.4735574285575572
0.4751197976654539
0.4751197976654539
0.4577734517440075
0.4577734517440075
0.4627676756887327
0.4629044687775982
0.4640545759389662
0.4619969861532632
0.435471468954927
0.44070386308155
0.4570571557241583
0.4645464098053113
0.4664935454780547
0.4664935454780547
0.4646829032716085
0.4646829032716085
0.45309434398598525
0.4613527955316349
0.4636388317802658
0.4657406571784216
0.46378456496806025
0.4647176197070219
0.46789917844841583
0.4353770681464404
0.4348329387623708
0.4353549158230808
0.4326376428312769
0.434362214017951
0.4269841315568185
0.4269841315568185
0.42683632622068873
0.42575530795147
0.4149919418385086
0.4115861096313795
0.41131425382028564
0.41131425382028564
0.4086945104994858
0.4121363628409699
0.4201618955009364
0.42622138523608977
0.42954387339317024
0.428783420046559
0.42460517350060756
0.42460517350060756
0.3998015789322509
0.39708994697207073
0.3990259054240782
0.4047856267148873
0.4035023137661797
0.4225402098425027
0.4225402098425027
0.41059881082425914
0.4245625322505477
0.42661935623080577
0.4296867144071554
0.42358525761703825
0.426768638227719
0.426768638227719
0.426768638227719
0.43373974991889047
0.4429889561839298
0.4429889561839298
0.4429889561839298
0.457276104729738
0.4549030294769654
0.4549030294769654
0.44302757085598204
0.44302757085598204
0.44302757085598204
0.44302757085598204
0.4567094987360278
0.4586912400048135
0.46365025270199256
0.4751989731303859
0.4811174025950697
0.4811174025950697
0.48666522339529217
0.48860740232266875
0.48860740232266875
0.5013008574569211
0.49440583081420925
0.49440583081420925
0.4975266283257666
0.4975266283257666
0.4975266283257666
0.49767115861572336
0.49767115861572336
0.4922918989979428
0.4922918989979428
0.5011745143576487
0.5011745143576487
0.5011745143576487
0.5011745143576487
0.49664280453789467
0.49664280453789467
0.49664280453789467
0.4977299726175402
0.4991078329740149
0.4991078329740149
0.498679160900369
0.498679160900369
0.498679160900369
0.4974554803633593
0.4950152503762835
0.4950152503762835
0.4950152503762835
0.4960976079839105
0.4786393732382485
0.46096083239420127
0.46007340834657184
0.4787592565596273
0.4906283038724678
0.4906283038724678
0.4987532046477423
0.4999202414705272
0.5038544590054768
0.5023884361592729
0.5023884361592729
0.5023884361592729
0.5023884361592729
0.47775939725796013
0.47775939725796013
0.48313723458405006
0.48313723458405006
0.48313723458405006
0.46960005215265593
0.48275153090553113
0.48275153090553113
0.48509110816628304
0.4856040785790768
0.48054603448582484
0.4806686830121519
0.483367498273206
0.483367498273206
0.483367498273206
0.5044697417472881
0.5011612995311152
0.5059202349390532
0.5110251086437628
0.5110251086437628
0.5110251086437628
0.5130741187298471
0.5083179860215895
0.5141879554802924
0.48491358441064225
0.4858469461125724
0.4858469461125724
0.49911487081145783
0.4932119941352915
0.4932119941352915
0.4932119941352915
0.5109760845915544
0.5109904177095946
0.5109904177095946
0.5143303692369495
0.513329320821961
0.513329320821961
0.513602886413321
0.47645223554566224
0.47645223554566224
0.45670946930441814
0.45670946930441814
0.45670946930441814
0.4678039089896747
0.467241044546091
0.467241044546091
0.46676130797639875
0.47007383836944283
0.47007383836944283
0.46562940765061284
0.46562940765061284
0.46562940765061284
0.46972171641367005
0.4690909408373453
0.4731993848094212
0.4761337736935618
0.4789346348425309
0.4793636428362067
0.4804407498686335
0.4873155466065767
0.4914427445255286
0.4940943856004898
0.49847521164454195
0.5016559353145685
0.5016559353145685
0.5016559353145685
0.5016559353145685
0.49959560272427045
0.49959560272427045
0.49959560272427045
0.4998078558067411
0.4998078558067411
0.5105600418918624
0.5114735324108803
0.5114735324108803
0.5083128131239018
0.5083128131239018
0.5150750559898869
0.5153152406330358
0.5153152406330358
0.5153158036554841
0.5153158036554841
0.5146971119619657
0.5144077903600031
0.5144435671255346
0.5108501181530438
0.5108501181530438
0.508599471309144
0.5112008104135809
0.5157712056255559
0.5157937267858544
0.515924038190073
0.5157580518746545
0.5150622251517698
0.513011738870985
0.5132530885847782
0.5153428700870455
0.5156502237665552
0.5158933897754775
0.5210175026290543
0.5225187764953413
0.5177733292955558
0.5177733292955558
0.5177733292955558
0.5177733292955558
0.5177733292955558
0.5205757371324234
0.5192827863093318
0.5192827863093318
0.5075518639565499
0.5098673318558162
0.5098673318558162
0.5142273849334172
0.5142273849334172
0.5142273849334172
0.5096429736020598
0.5096429736020598
0.5089678532836308
0.5131886171057819
0.5185369949323431
0.5204216270260209
0.5208557672497417
0.5211725377581692
0.5211725377581692
0.530640452393716
0.530640452393716
0.530640452393716
0.530640452393716
0.530640452393716
0.5168444881712344
0.5168444881712344
0.5169210143460164
0.5169210143460164
0.5344316606315602
0.5344316606315602
0.5344316606315602
0.5345998134125838
0.5345998134125838
0.536626165683183
0.5475956033643653
0.5475956033643653
0.5491421269347286
0.5491421269347286
0.5491421269347286
0.5511329797158785
0.5539796217164814
0.5539796217164814
0.5539796217164814
0.5580365986345136
0.5580365986345136
0.5748372916454649
0.5748372916454649
0.5748372916454649
0.5748372916454649
0.5757094884383804
0.5760979541660138
0.5738157005782285
0.5738157005782285
0.5732448747077993
0.5733056343701348
0.5733056343701348
0.57502741729648
0.5753112976446673
0.5737764620450916
0.5737764620450916
0.574100448752434
0.574100448752434
0.574668249375706
0.5746693421659265
0.5746693421659265
0.5751404774964259
0.5751404774964259
0.5751404774964259
0.5763195929076358
0.5702061862900714
0.5702061862900714
0.5702061862900714
0.5702061862900714
0.5702061862900714
0.5702061862900714
0.5720039569052062
0.5722567284600281
0.5670035396274913
0.5691848951330551
0.5691848951330551
0.5691848951330551
0.5691848951330551
0.5720812094109048
0.5720812094109048
0.5720812094109048
0.5753437854223874
0.5753437854223874
0.5779082563673946
0.5787218427197817
0.5787218427197817
0.5791137615239335
0.5814607114188622
0.5814607114188622
0.5814848165885272
0.5813593386446555
0.5813593386446555
0.5813593386446555
0.5813593386446555
0.5813593386446555
0.5813593386446555
0.5817001211407393
0.581634343330224
0.581634343330224
0.581634343330224
0.5817823225118297
0.5817823225118297
0.5817823225118297
0.5817823225118297
0.5817823225118297
0.5829347400228424
0.5829347400228424
0.5826897467212367
0.5826897467212367
0.5826897467212367
0.5826897467212367
0.5739711404697906
0.5739711404697906
0.5739711404697906
0.5765292923623477
0.5765292923623477
0.5748854595338215
0.5725793097022167
0.5756529558953561
0.5785894313208118
0.5809820924444651
0.5521935680904914
0.5614726760991917
0.5614914816668015
0.5614914816668015
0.5636115903761416
0.5636115903761416
0.5762907361732932
0.5762907361732932
0.5762907361732932
0.5758737026989236
0.5820872659480094
0.5820872659480094
0.5820872659480094
0.5821342657452214
0.5821342657452214
0.5821342657452214
0.5823406820230247
0.5823406820230247
0.5830029687892484
0.5830029687892484
0.5830029687892484
0.5830740289752968
0.5830740289752968
0.5833447783440973
0.5833447783440973
0.5834602257784005
0.5836439043279201
0.5837345396670723
0.5859971661300636
0.5862713968580395
0.5870363679006751
0.587384629602742
0.5874954298906877
0.5874954298906877
0.5859298439162077
0.5894407620048233
0.5919122631289966
0.5919122631289966
0.5899394147093945
0.5899799402226188
0.5899089455666434
0.5899089455666434
0.5899089455666434
0.593093246451509
0.593093246451509
0.5964943126927552
0.5969196315986574
0.5973845389635115
0.5756087022752521
0.5756087022752521
0.5827988829048183
0.5833897861147299
0.5982690513156974
0.5985213682425572
0.5985213682425572
0.6006727020152276
0.5934668773257211
0.5879934493384471
0.6367660107336574
0.6367660107336574
0.6505177631946875
0.6505177631946875
0.6478868506578288
0.6478868506578288
0.6478868506578288
0.6478868506578288
0.678912353284438
0.678912353284438
0.6887653774421916
0.6887653774421916
0.6958863397419235
0.7067826695258486
0.7037006942569238
0.7037006942569238
0.703783230301787
0.703783230301787
0.703783230301787
0.703783230301787
0.703783230301787
0.703783230301787
0.7068359944041279
0.7068359944041279
0.7068359944041279
0.7164868542778248
0.7164868542778248
0.7336773964508956
0.7336773964508956
0.7428109866477344
0.7428109866477344
0.7428109866477344
0.7428109866477344
0.7438419149662094
0.7439080187789604
0.7439080187789604
0.7444421569356408
0.7426474739551011
0.7444868197456893
0.7444868197456893
0.7444868197456893
0.7444868197456893
0.7444868197456893
0.7559350288390266
0.7544894531219862
0.7544894531219862
0.7561218172337063
0.7561218172337063
0.7609470065166372
0.7724213991428209
0.7737992502314784
0.7739886313786593
0.7739886313786593
0.7739886313786593
0.7739886313786593
0.7739886313786593
0.7739886313786593
0.7739886313786593
0.7739886313786593
0.7739886313786593
0.774126887453623
0.774126887453623
0.774126887453623
0.774126887453623
0.7764213942175896
0.7764213942175896
0.7764213942175896
0.7766657386489118
0.780512680406394
0.780512680406394
0.780512680406394
0.7808522534773862
0.7808522534773862
0.7808522534773862
0.7398659268676757
0.7398659268676757
0.7398659268676757
0.7398659268676757
0.7428205806255264
0.7428205806255264
0.7428205806255264
0.7513315462866669
0.7513315462866669
0.7526669020293516
0.7662673366509773
0.7662673366509773
0.7663700930606334
0.7663700930606334
0.7679547450208185
0.7679547450208185
0.7679547450208185
0.7679547450208185
0.785187758938335
0.785187758938335
0.7851126354734521
0.7896412730428541
0.7896412730428541
0.7896412730428541
0.7896412730428541
0.7891894932418656
0.7887868667546708
0.7893015989262849
0.7893015989262849
0.7893015989262849
0.7893015989262849
0.7893015989262849
0.7893015989262849
0.7893015989262849
0.7893015989262849
0.7893015989262849
0.7901089050784881
0.7901089050784881
0.7901089050784881
0.7901089050784881
0.7901089050784881
0.7901089050784881
0.7903013910592445
0.7903013910592445
0.7909052500187724
0.7909052500187724
0.7909052500187724
0.7909052500187724
0.7909052500187724
0.7909052500187724
0.7909052500187724
0.7912977442613538
0.7912977442613538
0.7917112603337912
0.7917112603337912
0.7917112603337912
0.7917112603337912
0.7921186725675108
0.7921186725675108
0.7921186725675108
0.7921186725675108
0.7921186725675108
0.7921186725675108
0.7835539544952361
0.7848835800436599
0.7848835800436599
0.7878639702149095
0.7878639702149095
0.7878639702149095
0.7878639702149095
0.7845812656591916
0.7845812656591916
0.7845812656591916
0.7884868152737214
0.782530924743299
0.782530924743299
0.7607937329066403
0.7607937329066403
0.7621721605402864
0.7706160768851025
0.7762591682900923
0.7762591682900923
0.7582758638676904
0.7645688133767404
0.7645688133767404
0.7660888951684829
0.7660888951684829
0.7661773114401318
0.7661773114401318
0.7661773114401318
0.7648274188788776
0.7648274188788776
0.7648274188788776
0.7648274188788776
0.7648274188788776
0.7648274188788776
0.7648274188788776
0.7648274188788776
0.7699559589306292
0.7699559589306292
0.7699559589306292
0.7699559589306292
0.7699559589306292
0.7701242597733129
0.7756180729586926
0.7756180729586926
0.7758002783677698
0.7758002783677698
0.775389040370117
0.775389040370117
0.775389040370117
0.7495515685200167
0.7498472046974647
0.7498472046974647
0.7554910611751676
0.7560566979387876
0.7387868941625069
0.7413497832612611
0.7454857070161868
0.7501688215561958
0.7508994859561707
0.7550148913830245
0.7550148913830245
0.7550148913830245
0.7550148913830245
0.7550148913830245
0.7550148913830245
0.7550148913830245
0.7550148913830245
0.7550148913830245
0.7566843834724946
0.7566843834724946
0.7566843834724946
0.7566843834724946
0.7566843834724946
0.7566843834724946
0.7566843834724946
0.7566843834724946
0.7226796944669301
0.7226796944669301
0.7226796944669301
0.7226796944669301
0.7226796944669301
0.6825842332558195
0.6825842332558195
0.6825842332558195
0.6825842332558195
0.6825842332558195
0.6838965158119544
0.684247616995125
0.6870362829018483
0.6870362829018483
0.6870362829018483
0.6870362829018483
0.6870362829018483
0.6838640539177587
0.6920114233830121
0.6951788912990288
0.6960303026822221
0.7042157313323896
0.7054504350934669
0.7092506997118516
0.7096332385201184
0.7096332385201184
0.7416656143267446
0.7416656143267446
0.7418617226114069
0.7418617226114069
0.7418617226114069
0.7418617226114069
0.7418617226114069
0.7418617226114069
0.7418617226114069
0.7418617226114069
0.7433476881531706
0.7433476881531706
0.7433476881531706
0.745689146035763
0.745689146035763
0.745689146035763
0.745689146035763
0.745689146035763
0.745689146035763
0.745689146035763
0.7558710607168158
0.7558710607168158
0.7563257505914839
0.7578078942155866
0.7578078942155866
0.7582521551470595
0.7582521551470595
0.7582521551470595
0.7574914770857702
0.7620424165657357
0.7620424165657357
0.7682604671714329
0.7682604671714329
0.7682604671714329
0.7682604671714329
0.7514568675773421
0.7514568675773421
0.7514568675773421
0.7514568675773421
0.7514568675773421
0.7514568675773421
0.7514568675773421
0.7514568675773421
0.7514568675773421
0.7514568675773421
0.7514568675773421
0.7559250791777318
0.7559250791777318
0.7559250791777318
0.754380876785506
0.7483488874479024
0.7540331211435561
0.7540331211435561
0.7393766883497532
0.7137132002506004
0.7137132002506004
0.7137132002506004
0.7137132002506004
0.7146253422775543
0.7146253422775543
0.7153965109377379
0.7229871383221642
0.7318985697129851
0.7318985697129851
0.7318985697129851
0.7336287031450823
0.7515824783250467
0.7515824783250467
0.7515824783250467
0.7515824783250467
0.7540300287125213
0.7554199764669169
0.7714136426580337
0.7719486497663129
0.7719486497663129
0.7857641711825305
0.7961626334507634
0.7961626334507634
0.7961626334507634
0.7961626334507634
0.8014913786783905
0.8014913786783905
0.8037209606573159
0.8037209606573159
0.8092947443076172
0.8092947443076172
0.8232515284748936
0.8232515284748936
0.826284501456703
0.8291963828766006
0.8260092840158281
0.827343200916067
0.8278978358478967
0.8300508096953405
0.8300508096953405
0.8291309929681402
0.8185805086956583
0.8212017243653293
0.8212017243653293
0.824844268348724
0.824844268348724
0.824844268348724
0.824844268348724
0.824844268348724
0.8286427301458524
0.8286427301458524
0.8286427301458524
0.8286427301458524
0.8294547481081359
0.8294547481081359
0.8378180095232599
0.8378180095232599
0.8378180095232599
0.8378180095232599
0.8382062064103475
0.8382062064103475
0.8382062064103475
0.8382062064103475
0.8382062064103475
0.8382062064103475
0.8382062064103475
0.8382062064103475
0.8382062064103475
0.8382062064103475
0.8382062064103475
0.8382062064103475
0.8385089441898038
0.8447981150197673
0.8447981150197673
0.8447981150197673
0.8447981150197673
0.8447981150197673
0.8447981150197673
0.8459122865811957
0.8459122865811957
0.8459122865811957
0.8459122865811957
0.8461654538236437
0.8395161311331906
0.8395161311331906
0.8409590931282547
0.8409590931282547
0.8451838256902607
0.845522312254696
0.845522312254696
0.845522312254696
0.845522312254696
0.845522312254696
0.8504700751434934
0.8507351264941649
0.8507351264941649
0.8507351264941649
0.8507351264941649
0.8507351264941649
0.8507840675774225
0.8517359244489152
0.8517359244489152
0.8517359244489152
0.8517359244489152
0.851802135024994
0.851802135024994
0.851802135024994
0.851802135024994
0.851802135024994
0.851802135024994
0.851802135024994
0.8522030073208284
0.8551195722962739
0.8566293366186717
0.8566293366186717
0.8566293366186717
0.8566293366186717
0.8566293366186717
0.8566293366186717
0.8566293366186717
0.8566293366186717
0.8566293366186717
0.8566392581280545
0.8591204277978196
0.8591204277978196
0.8591204277978196
0.8591204277978196
0.8591445356529472
0.8591445356529472
0.8591445356529472
0.8591445356529472
0.8591445356529472
0.8593008636076637
0.8593008636076637
0.8593008636076637
0.8593008636076637
0.8593008636076637
0.8593008636076637
0.8602450839956062
0.8632587899757275
0.8632587899757275
0.8632587899757275
0.8632587899757275
0.8632587899757275
0.8632587899757275
0.8632587899757275
0.8636439528242349
0.8637314976351037
0.8637314976351037
0.8641074579514684
0.8641074579514684
0.8641074579514684
0.8774336629575518
0.8774336629575518
0.8774525806121789
0.8774525806121789
0.8821916611250735
0.8821916611250735
0.8821916611250735
0.8821916611250735
0.8821916611250735
0.8821916611250735
0.8853670365617302
0.8853670365617302
0.8853670365617302
0.8853670365617302
0.8854023362988219
0.8854023362988219
0.8854023362988219
0.8857608485335138
0.8857608485335138
0.8857608485335138
0.8857608485335138
0.8859036781467855
0.8859036781467855
0.8859036781467855
0.8859036781467855
0.8909995544673819
0.8909995544673819
0.8909995544673819
0.8909995544673819
0.8909995544673819
0.8911900437282234
0.8911900437282234
0.8913445775058733
0.8913445775058733
0.896333279973987
0.896333279973987
0.896333279973987
0.896333279973987
0.8958874781342661
0.8958874781342661
0.8958874781342661
0.8958874781342661
0.8958874781342661
0.8958874781342661
0.8958874781342661
0.8956038489695215
0.8956038489695215
0.8863601564739996
0.886511657948682
0.886511657948682
0.886511657948682
0.8870002732848566
0.8870002732848566
0.8961782119754952
0.8961782119754952
0.8961782119754952
0.8961782119754952
0.9088757484952507
0.9088757484952507
0.9132495012964619
0.9154893004965048
0.9167727647633387
0.9167727647633387
0.9167727647633387
0.9167727647633387
0.9195878475915673
0.9217709288688171
0.9217709288688171
0.9217709288688171
0.9217709288688171
0.9217709288688171
0.9217709288688171
0.9225572112649084
0.9225572112649084
0.9225572112649084
0.9225572112649084
0.9301255789197678
0.9315247444476026
0.9315247444476026
0.9315247444476026
0.9315247444476026
0.9315247444476026
0.9315247444476026
0.9315247444476026
0.9315247444476026
0.9320326971130989
0.9320326971130989
0.9320326971130989
0.9363379784557551
0.9366952430899311
0.9367473366563482
0.9367473366563482
0.9367473366563482
0.9367473366563482
0.9367473366563482
0.9367473366563482
0.9367473366563482
0.9368568507667357
0.9368568507667357
0.9368568507667357
0.9368568507667357
0.9368568507667357
0.9368568507667357
0.9368568507667357
0.9383794580922291
0.9384130804518258
0.9384130804518258
0.9404871630094354
0.9404871630094354
0.940705858167797
0.940705858167797
0.940705858167797
0.9447989127315866
0.9447989127315866
0.9449632375454337
0.9449632375454337
0.9449632375454337
0.9449632375454337
0.9449632375454337
0.9413075483436033
