0.629420531862434
0.6433267077506473
0.6579445146107548
0.6519865758785609
0.664589919915748
0.664589919915748
0.664589919915748
0.664589919915748
0.664589919915748
0.664589919915748
0.664589919915748
0.664589919915748
0.664589919915748
0.664589919915748
0.6744579894426975
0.6874336226409117
0.6874336226409117
0.6874883780872882
0.6876869724062564
0.6876869724062564
0.692672610820559
0.692672610820559
0.6901714218110989
0.6873773376066898
0.6873773376066898
0.6873773376066898
0.688423034042342
0.6912501964053628
0.6912501964053628
0.696911128796362
0.696911128796362
0.7042427773728697
0.7069529842171309
0.7075577097074396
0.7105994431316717
0.7154763612254972
0.7154763612254972
0.7173102904909412
0.7173102904909412
0.7190991844642312
0.7190991844642312
0.7190991844642312
0.7190991844642312
0.7210512482371105
0.7211026264805338
0.71623407817475
0.7114867965907526
0.7146768303586596
0.7146768303586596
0.7223265404536654
0.7223265404536654
0.6953466019225331
0.6953466019225331
0.6953466019225331
0.6923442643181538
0.7031268381608617
0.703685193088539
0.703685193088539
0.7073090808947001
0.7073090808947001
0.7073090808947001
0.7084055074437597
0.7090823262636038
0.7090823262636038
0.6961497893989044
0.6962788768501781
0.696800475298883
0.696800475298883
0.696800475298883
0.6961464951806726
0.6973513637750208
0.6973513637750208
0.7007864942351028
0.7007864942351028
0.701457901606096
0.701457901606096
0.7111498511868585
0.7160331711214262
0.7162283157840843
0.7162283157840843
0.7162283157840843
0.7160410945781944
0.7160410945781944
0.7232347969072137
0.7262858451521977
0.7262858451521977
0.7262858451521977
0.7335581129906694
0.7335581129906694
0.7319656079916631
0.7319656079916631
0.7319656079916631
0.7325191674067305
0.7362553773990462
0.7362553773990462
0.7373367368369723
0.749223796384294
0.7385816857826913
0.7385816857826913
0.7398283515970818
0.7398283515970818
0.7545423966345554
0.7661461274538424
0.7661461274538424
0.7665111570827101
0.7665111570827101
0.7674537420683321
0.7670666848768724
0.7678536047605553
0.7678876940257733
0.7681263749281512
0.7798126131014829
0.7798126131014829
0.7815506407340275
0.7843069517876793
0.8114780999956959
0.8114780999956959
0.8068583650056682
0.8068583650056682
0.8068583650056682
0.8075381455697112
0.8075381455697112
0.8075381455697112
0.8075381455697112
0.8075381455697112
0.8075381455697112
0.7723907289879182
0.8000854757688356
0.8009057654616506
0.8009057654616506
0.8072916699122963
0.8018397717140542
0.8028272290512314
0.7974022601473663
0.7974022601473663
0.7978171995320904
0.8090539469639059
0.8090539469639059
0.8091963572403853
0.8091963572403853
0.8099122915659255
0.8099122915659255
0.8105432735226135
0.8112050518931001
0.8112050518931001
0.8158388115896861
0.8158388115896861
0.8158388115896861
0.8159043649420509
0.8159043649420509
0.8152769750889766
0.8152769750889766
0.8155543163388088
0.8155543163388088
0.8155543163388088
0.8155621491774284
0.8153248075874456
0.8153248075874456
0.8166914583158549
0.8166914583158549
0.8166914583158549
0.8166914583158549
0.8166914583158549
0.8166914583158549
0.8166914583158549
0.8166914583158549
0.8168082141975123
0.8168082141975123
0.8168082141975123
0.8168082141975123
0.8181837077482381
0.8181837077482381
0.8185048531978899
0.8185048531978899
0.8188090917010684
0.8188090917010684
0.8188417473762106
0.8188417473762106
0.818612953621188
0.818612953621188
0.818612953621188
0.818612953621188
0.818612953621188
0.8197732152984057
0.8197919192088308
0.8197919192088308
0.8206561199619098
0.8210501094092258
0.8223739055614844
0.8223739055614844
0.8223739055614844
0.8223739055614844
0.8223739055614844
0.8223739055614844
0.8223739055614844
0.8223739055614844
0.8223739055614844
0.8223739055614844
0.8223739055614844
0.8217433808621957
0.8216430722565019
0.82187653374772
0.8123754277319978
0.8140093046599804
0.8140093046599804
0.8140093046599804
0.814584132564016
0.8195153054025448
0.8195153054025448
0.8195153054025448
0.8195153054025448
0.8221547715088879
0.8221547715088879
0.8221547715088879
0.8221547715088879
0.8221547715088879
0.8221547715088879
0.8221547715088879
0.8221547715088879
0.8221547715088879
0.8221547715088879
0.8221547715088879
0.824775860057979
0.8285845593798208
0.8293674854914767
0.8293674854914767
0.8330086156610857
0.8334423616854548
0.8340588191116645
0.8340588191116645
0.8340588191116645
0.8344149151806505
0.8344149151806505
0.8344149151806505
0.8344149151806505
0.8343514097610752
0.8351866940699038
0.8351866940699038
0.8351866940699038
0.835201282144289
0.835201282144289
0.835201282144289
0.835201282144289
0.8354590101422379
0.8354590101422379
0.8365436891152526
0.8365436891152526
0.8365436891152526
0.8365436891152526
0.8346765437679436
0.8346765437679436
0.8330439478890405
0.8330439478890405
0.8330439478890405
0.8335496160339071
0.8342970726038309
0.8342970726038309
0.8342970726038309
0.8342970726038309
0.8495674937869445
0.8504861559166368
0.8504861559166368
0.8504861559166368
0.8504939590503251
0.8504939590503251
0.8504939590503251
0.8519426108611519
0.8639717989770158
0.8639717989770158
0.8641026350903152
0.8641026350903152
0.8641026350903152
0.8641026350903152
0.8641026350903152
0.8641026350903152
0.8671495438474772
0.8736988354583368
0.8736988354583368
0.8736988354583368
0.8749183057824678
0.8749183057824678
0.8749183057824678
0.8749183057824678
0.8766812576860278
0.8766812576860278
0.8766812576860278
0.8767365336987271
0.8767365336987271
0.8767365336987271
0.8730670832924564
0.8730670832924564
0.8730670832924564
0.8730670832924564
0.8741767882808482
0.8741767882808482
0.8741767882808482
0.8741767882808482
0.8741767882808482
0.8741767882808482
0.8741767882808482
0.8741767882808482
0.8741767882808482
0.8741767882808482
0.8744016479155841
0.8771110113072859
0.8771110113072859
0.8771110113072859
0.8772073934974073
0.8772073934974073
0.8772073934974073
0.8772073934974073
0.8772073934974073
0.8732642313426341
0.8732642313426341
0.8750771713933774
0.8760286072469362
0.8760286072469362
0.8760286072469362
0.8760286072469362
0.8760286072469362
0.8761451147525735
0.8750278830124203
0.8762333200707132
0.8762333200707132
0.8762333200707132
0.8346472064975687
0.8346472064975687
0.8358749629099732
0.8358749629099732
0.8358749629099732
0.8365770331190681
0.8409024918746656
0.8409024918746656
0.8710475811976166
0.8710475811976166
0.8715247381284114
0.8715247381284114
0.8715247381284114
0.8715247381284114
0.8715247381284114
0.8715247381284114
0.8715247381284114
0.8715247381284114
0.8715247381284114
0.8715247381284114
0.8715247381284114
0.8715247381284114
0.8741973461525405
0.8741973461525405
0.8741973461525405
0.8741973461525405
0.8741973461525405
0.8741973461525405
0.8741973461525405
0.8743814701015522
0.8743814701015522
0.8743814701015522
0.8746510125710567
0.8746510125710567
0.8753129083172415
0.8753129083172415
0.8733919289341083
0.8733919289341083
0.8733919289341083
0.8733919289341083
0.8739917583135351
0.8739917583135351
0.8739917583135351
0.8755725398540897
0.8755725398540897
0.8755725398540897
0.8755725398540897
0.8755725398540897
0.8755725398540897
0.8755725398540897
0.8755725398540897
0.8760082857974529
0.8760082857974529
0.8760082857974529
0.8760082857974529
0.8760082857974529
0.8760082857974529
0.8760608933906839
0.8760608933906839
0.8760608933906839
0.8760608933906839
0.8760608933906839
0.8760902453565986
0.8760902453565986
0.8760902453565986
0.8760902453565986
0.8760902453565986
0.8760902453565986
0.8754522867281965
0.8754522867281965
0.8759445846051436
0.8763839002932127
0.8784045105559262
0.8784045105559262
0.8784045105559262
0.8787319478498138
0.8787319478498138
0.8787319478498138
0.8787319478498138
0.8787319478498138
0.8787319478498138
0.8787367176799306
0.8787367176799306
0.8787367176799306
0.8787367176799306
0.8787367176799306
0.8787367176799306
0.7894287986791649
0.7894287986791649
0.7894287986791649
0.7894287986791649
0.7358548884518288
0.7358548884518288
0.7404765176423508
0.7404765176423508
0.7470568578315365
0.8309030984365648
0.8367088511738556
0.8349452901651204
0.8349452901651204
0.8351722204075878
0.8355569823124996
0.8360320349395922
0.8378858300127182
0.8418541508337786
0.8515726307955572
0.8515726307955572
0.8515726307955572
0.8476759525828932
0.8476759525828932
0.8476759525828932
0.8596032596528063
0.8596032596528063
0.8596032596528063
0.8596032596528063
0.8596032596528063
0.8563681950814628
0.855727194847826
0.8564513256301984
0.865485729940994
0.865485729940994
0.8661214077249437
0.8673535971716391
0.8673535971716391
0.867357134998593
0.867357134998593
0.867357134998593
0.867357134998593
0.867357134998593
0.867357134998593
0.8680157768738466
0.8687822334973502
0.8687822334973502
0.8689827249249429
0.8689827249249429
0.8687779348564475
0.8687779348564475
0.8155102498472481
0.8155102498472481
0.8190790078394604
0.8248288862526746
0.8248288862526746
0.7880468677692218
0.7883646381630942
0.7962950194570901
0.7962950194570901
0.7962950194570901
0.7962950194570901
0.7981574710244094
0.7981574710244094
0.7981574710244094
0.7981574710244094
0.7981574710244094
0.8112273847838427
0.8118181838151043
0.8118181838151043
0.8118181838151043
0.8118181838151043
0.8180815505754853
0.8180815505754853
0.8187156870588485
0.8187156870588485
0.8187156870588485
0.8187156870588485
0.8187156870588485
0.8187156870588485
0.8232187719848144
0.8378901989867727
0.8378901989867727
0.8378901989867727
0.8378901989867727
0.8378901989867727
0.8378901989867727
0.8437784614296248
0.8438065596944132
0.8438065596944132
0.8458406415434047
0.8471786670147472
0.8549299021845598
0.8549299021845598
0.8549299021845598
0.8549299021845598
0.8549299021845598
0.8549299021845598
0.8568563769847534
0.8579440093494234
0.8579440093494234
0.8579440093494234
0.8587417665785894
0.8587417665785894
0.8587417665785894
0.8587417665785894
0.8587417665785894
0.8587417665785894
0.8587417665785894
0.8666028412490991
0.8715749763723727
0.8715749763723727
0.8715749763723727
0.872105867782387
0.8736445455640368
0.8746542271453028
0.8746542271453028
0.8746542271453028
0.8762859543305076
0.8763865221780535
0.8763865221780535
0.8763865221780535
0.8763865221780535
0.8763865221780535
0.8763865221780535
0.8763865221780535
0.8777649406334519
0.8777649406334519
0.8777649406334519
0.8777649406334519
0.8774918488150641
0.8774918488150641
0.8774918488150641
0.8774918488150641
0.8774918488150641
0.878884598011452
0.8790502866346857
0.8790502866346857
0.8790502866346857
0.8790502866346857
0.8790502866346857
0.8790502866346857
0.8790502866346857
0.8768039560407388
0.8768039560407388
0.8768039560407388
0.8768039560407388
0.8768039560407388
0.8780996654343923
0.8780996654343923
0.8780996654343923
0.8780996654343923
0.8780996654343923
0.8780996654343923
0.8780996654343923
0.8797134504291007
0.8797134504291007
0.8797134504291007
0.8797134504291007
0.8797813659984653
0.8797813659984653
0.8797813659984653
0.8797813659984653
0.8797813659984653
0.8799130030842907
0.8799130030842907
0.8799130030842907
0.8799130030842907
0.8799130030842907
0.8799130030842907
0.8799130030842907
0.8799130030842907
0.8799819709350961
0.8799819709350961
0.8799819709350961
0.8800865149481573
0.8800865149481573
0.8800865149481573
0.8800865149481573
0.8800865149481573
0.8800865149481573
0.8800865149481573
0.8800865149481573
0.8800865149481573
0.8800865149481573
0.8800865149481573
0.8800865149481573
0.8800865149481573
0.8800865149481573
0.8800865149481573
0.8554607852895613
0.8791995113766549
0.8798566871222288
0.8798566871222288
0.8798566871222288
0.8798566871222288
0.8798566871222288
0.8798566871222288
0.8798566871222288
0.8798566871222288
0.8798566871222288
0.8798566871222288
0.8798566871222288
0.8798566871222288
0.8798566871222288
0.8802549619694118
0.8802549619694118
0.8802549619694118
0.8802549619694118
0.8802549619694118
0.8802549619694118
0.8802549619694118
0.8802549619694118
0.8791542632705828
0.8791542632705828
0.8791542632705828
0.8791542632705828
0.8796041094400838
0.8796041094400838
0.8796041094400838
0.8796041094400838
0.8796041094400838
0.8799238480032413
0.8799238480032413
0.8799238480032413
0.8799238480032413
0.880054133478639
0.880054133478639
0.880054133478639
0.880054133478639
0.880054133478639
0.880054133478639
0.8801024147344564
0.8801024147344564
0.8801024147344564
0.8801024147344564
0.8801024147344564
0.7896208023099125
0.7896208023099125
0.8068774244016962
0.8098007496247567
0.8212983581680222
0.8212983581680222
0.8214134063248518
0.8214134063248518
0.8214134063248518
0.8214134063248518
0.8214134063248518
0.8214134063248518
0.8214134063248518
0.8195830439564173
0.8195830439564173
0.8191967079619371
0.8114500297534352
0.8114500297534352
0.8120649734128962
0.8138082716160577
0.8164455689480944
0.8166927676719528
0.8166927676719528
0.8388661730034309
0.8570048013032308
0.8421428584620976
0.8517899690725389
0.8517899690725389
0.8563828250659828
0.8564243376970011
0.8553390347667787
0.8553390347667787
0.8553390347667787
0.8553390347667787
0.8556880697086275
0.8556880697086275
0.8571953691101777
0.8571953691101777
0.859859425249708
0.8604380070373349
0.8604380070373349
0.8604380070373349
0.8606157573116191
0.8652049370374756
0.8652049370374756
0.8652049370374756
0.8652049370374756
0.8719652302314748
0.8719652302314748
0.8668462729576354
0.8668462729576354
0.8725151682987707
0.8725151682987707
0.876984408187348
0.8389096231147944
0.8389096231147944
0.8389096231147944
0.8434314697539529
0.8374118161786923
0.838992861142492
0.838992861142492
0.838992861142492
0.8455895759299982
0.8549214687800389
0.8585883320446355
0.8585883320446355
0.8585883320446355
0.8592802059488658
0.8597758059208037
0.8628906737620753
0.8628906737620753
0.8631559063723581
0.8631559063723581
0.8631559063723581
0.8631559063723581
0.8656986715361537
0.8656986715361537
0.8656986715361537
0.8656986715361537
0.8656986715361537
0.8656986715361537
0.8656986715361537
0.8656986715361537
0.8656986715361537
0.8653507273516502
0.8654004123651495
0.8654004123651495
0.8656013712496009
0.8656013712496009
0.8668286929751456
0.8668286929751456
0.8668286929751456
0.8668286929751456
0.8668286929751456
0.8668286929751456
0.8669908826813375
0.8670859838021908
0.8670859838021908
0.8670859838021908
0.8670859838021908
0.8670859838021908
0.8670859838021908
0.8670859838021908
0.8670859838021908
0.8670859838021908
0.8670859838021908
0.8673920769486853
0.8673920769486853
0.8673920769486853
0.8673920769486853
0.8673920769486853
0.8673920769486853
0.8673920769486853
0.8673920769486853
0.8673920769486853
0.8673920769486853
0.8673920769486853
0.8673920769486853
0.8673920769486853
0.8671501140914066
0.8673160151558007
0.8673160151558007
0.8715185443584657
0.8715185443584657
0.8715185443584657
0.8715185443584657
0.8715185443584657
0.8719713299364366
0.8719713299364366
0.8723684658064867
0.8723684658064867
0.8723684658064867
0.8729603533394469
0.8747524165919146
0.8747524165919146
0.8747524165919146
0.8748749587335031
0.8748749587335031
0.8748749587335031
0.8748749587335031
0.8749654434477012
0.8749654434477012
0.8750261085051538
0.8750261085051538
0.8750261085051538
0.8750261085051538
0.8750261085051538
0.875194496890251
0.875194496890251
0.875194496890251
0.8766147965636287
0.8766147965636287
0.8766147965636287
0.8766147965636287
0.8766147965636287
0.8766147965636287
0.8766147965636287
0.8767101143866194
0.8767101143866194
0.8767101143866194
0.8767101143866194
0.8767101143866194
0.8773947580111932
0.8773947580111932
0.8773947580111932
0.8794584294371148
0.8794584294371148
0.8786802355650843
0.8786802355650843
0.8786802355650843
0.8786802355650843
0.8786802355650843
0.8786802355650843
0.8786802355650843
0.8786802355650843
0.8786802355650843
0.8786802355650843
0.8796390186790396
0.8796390186790396
0.8796390186790396
0.8796390186790396
0.8796390186790396
0.8796390186790396
0.8796390186790396
0.8796390186790396
0.8793336439435714
0.8793336439435714
0.8780544648845384
0.8780544648845384
0.8780544648845384
0.8780544648845384
0.8780544648845384
0.8780544648845384
0.8749962258464273
0.8749962258464273
0.8749962258464273
0.8749962258464273
0.8755552486810042
0.8755552486810042
0.8757733493732202
0.8757733493732202
0.8767524429475106
0.8396298420658584
0.8412554932854663
0.8412554932854663
0.8422705430621173
0.8422705430621173
0.8428949785283127
0.8428949785283127
0.8428949785283127
0.8428949785283127
0.8428949785283127
0.8447958858297459
0.8447958858297459
0.8477661217389377
0.8477661217389377
0.8477661217389377
0.8477661217389377
0.8477661217389377
0.8477661217389377
0.8477661217389377
0.8477661217389377
0.8477661217389377
0.8477661217389377
0.8477661217389377
0.8477661217389377
0.8474237734516924
0.8470658021005879
0.8471555282860309
0.8471555282860309
0.8471555282860309
0.8487444309211034
0.8487444309211034
0.8487444309211034
0.8493842271939086
0.8607911510885927
0.8610990043601889
0.8688416288897062
0.8699446767805609
0.8699446767805609
0.8699446767805609
0.8714427671758823
0.8714427671758823
0.8714427671758823
0.8714427671758823
0.8724100935788444
0.8755603677960387
0.8766749531553206
0.8766749531553206
0.8766749531553206
0.8766749531553206
0.8766749531553206
0.8766749531553206
0.8766749531553206
0.8766749531553206
0.878033869793797
0.878033869793797
0.878033869793797
0.8786080736151374
0.8788513760892264
0.8790702521958497
0.8651680305759502
0.8651680305759502
0.8708846387817224
0.8708846387817224
0.8711714793404713
0.8756255341088354
0.8756255341088354
0.8756255341088354
0.8778548466940769
0.8778548466940769
0.8778548466940769
0.8778548466940769
0.8778548466940769
0.8778548466940769
0.8778548466940769
0.8778548466940769
0.8778548466940769
0.8782522089132574
0.8782522089132574
0.8782522089132574
0.8782522089132574
0.8782522089132574
0.8782522089132574
0.8782522089132574
0.8782522089132574
0.8782522089132574
0.8782522089132574
0.8782522089132574
0.8782522089132574
0.8782522089132574
0.8782522089132574
0.8782522089132574
0.8782522089132574
0.8782522089132574
0.8782522089132574
0.8782522089132574
0.8786925114739754
0.8786925114739754
0.8786925114739754
0.8786925114739754
0.8786925114739754
0.8786925114739754
0.8786925114739754
0.8786925114739754
0.8786925114739754
0.8786925114739754
0.8786925114739754
0.8786925114739754
0.8786925114739754
0.8786925114739754
0.8786925114739754
0.8786925114739754
0.8786925114739754
0.8786925114739754
0.8786925114739754
0.8786925114739754
0.8786925114739754
0.8786925114739754
0.8323030660985923
0.8333775911591037
0.834428564194859
0.8354522438982778
0.8354522438982778
0.8354522438982778
0.8354522438982778
0.8362156745081746
0.836598205570448
0.836598205570448
0.836598205570448
0.8419813237774314
0.8419813237774314
0.8460406354471921
0.8463501269526337
0.8463501269526337
0.8463501269526337
0.8465510178917134
0.8468928423441927
0.8468928423441927
0.8468928423441927
0.8468928423441927
0.8468928423441927
0.8458713037638091
0.8460754362744856
0.8449266962915951
0.8467494161077339
0.8537174794719066
0.8539678422481923
0.8551531620188698
0.8551531620188698
0.8551531620188698
0.8551531620188698
